  2.1349054e-002
  3.5009524e-002
  3.3455117e-002
  3.3401763e-002
  3.2454330e-002
  3.1172716e-002
  3.0369972e-002
  3.0832641e-002
  3.2650008e-002
  3.1971906e-002
  3.0581729e-002
  2.9743946e-002
  2.8400497e-002
  2.8510025e-002
  2.7507963e-002
  3.3448438e-002
  3.1853359e-002
  3.1014738e-002
  2.9594784e-002
  2.8304951e-002
  2.8471547e-002
  2.7689654e-002
  2.7326932e-002
  2.6237790e-002
  2.5740826e-002
  2.4688535e-002
  2.3826102e-002
  2.4716797e-002
  2.4023741e-002
  2.3448778e-002
  2.3177147e-002
  2.2571121e-002
  2.2074704e-002
  2.1960076e-002
  2.1213628e-002
  2.1341868e-002
  2.1465880e-002
  2.5529940e-002
  3.0519278e-002
  3.2979787e-002
  3.1782168e-002
  3.4085338e-002
  3.2610999e-002
  3.1272070e-002
  3.3310878e-002
  3.1816800e-002
  3.0652157e-002
  2.9307093e-002
  2.9859946e-002
  2.8497940e-002
  2.9094699e-002
  2.7801352e-002
  2.6558971e-002
  2.5465983e-002
  2.4402413e-002
  2.4543193e-002
  2.3479006e-002
  2.3429385e-002
  2.3069558e-002
  2.8586012e-002
  2.7369125e-002
  2.6131827e-002
  2.5693633e-002
  2.4579619e-002
  2.3754270e-002
  2.2728505e-002
  2.1766082e-002
  2.0944207e-002
  2.0795180e-002
  1.9995914e-002
  1.9718036e-002
  1.9052587e-002
  1.9572196e-002
  1.8848462e-002
  2.2460963e-002
  2.2281900e-002
  2.3252528e-002
  2.3300264e-002
  2.2509428e-002
  2.2318109e-002
  2.1881873e-002
  2.1118776e-002
  2.2151431e-002
  2.7799713e-002
  2.7297332e-002
  2.6187664e-002
  2.5298291e-002
  2.4222292e-002
  2.3418438e-002
  2.2418516e-002
  2.1478288e-002
  2.0784558e-002
  2.0232394e-002
  1.9496932e-002
  1.8740598e-002
  1.9203961e-002
  2.0171352e-002
  1.9468049e-002
  1.8847277e-002
  1.8721535e-002
  1.8068721e-002
  1.7407598e-002
  1.6995139e-002
  1.6717889e-002
  1.8393596e-002
  1.7893804e-002
  1.7482662e-002
  1.6887302e-002
  1.6408097e-002
  1.5862046e-002
  1.5586942e-002
  1.5525161e-002
  1.5073287e-002
  1.5179423e-002
  1.5352322e-002
  1.5162252e-002
  1.4711816e-002
  1.9223950e-002
  1.8753851e-002
  1.8241796e-002
  1.9605948e-002
  2.0457418e-002
  2.0386484e-002
  2.2424632e-002
  2.1718627e-002
  2.0821706e-002
  2.0218136e-002
  1.9608176e-002
  1.8851189e-002
  1.8571280e-002
  1.9859955e-002
  1.9092052e-002
  1.9870159e-002
  1.9260366e-002
  1.8829452e-002
  1.8128170e-002
  1.7658067e-002
  1.7146490e-002
  1.6643895e-002
  1.6086473e-002
  1.5571570e-002
  1.6155546e-002
  1.6988852e-002
  1.6916941e-002
  1.8152608e-002
  1.7486855e-002
  1.7177003e-002
  1.7150341e-002
  1.6559492e-002
  1.7951506e-002
  1.7589967e-002
  1.6968849e-002
  1.6828503e-002
  1.6260720e-002
  1.9054415e-002
  1.8442664e-002
  1.7759017e-002
  1.7329780e-002
  1.6771729e-002
  1.6200016e-002
  1.6693301e-002
  1.6167118e-002
  1.5686896e-002
  1.5223739e-002
  1.4951191e-002
  1.4563518e-002
  1.4322374e-002
  1.4162680e-002
  1.4097672e-002
  1.5994591e-002
  1.6620492e-002
  1.6075847e-002
  1.8049637e-002
  1.7449752e-002
  1.8077173e-002
  1.8386453e-002
  1.8254871e-002
  1.7784863e-002
  1.7144046e-002
  1.6551962e-002
  1.6001516e-002
  1.5606108e-002
  1.6458854e-002
  1.6596244e-002
  1.6641163e-002
  1.6505526e-002
  1.6899444e-002
  1.7083512e-002
  1.7054251e-002
  1.6544253e-002
  1.6073347e-002
  1.6755417e-002
  1.8274140e-002
  1.7620199e-002
  1.7001842e-002
  1.6414032e-002
  1.5885239e-002
  1.5482847e-002
  1.5599763e-002
  1.5117951e-002
  1.4855839e-002
  1.4437533e-002
  1.5078231e-002
  1.4645945e-002
  1.4976349e-002
  1.6200005e-002
  1.5692995e-002
  1.7867680e-002
  1.8132937e-002
  1.7548021e-002
  1.7746070e-002
  1.7133790e-002
  1.6906836e-002
  1.6644986e-002
  1.8259679e-002
  1.9292535e-002
  1.8582605e-002
  2.2786663e-002
  2.2424328e-002
  2.2238730e-002
  2.1322801e-002
  2.0487343e-002
  1.9717468e-002
  1.9194900e-002
  1.8876311e-002
  1.8198875e-002
  1.7538064e-002
  1.8324045e-002
  1.7652391e-002
  1.7045227e-002
  1.7638959e-002
  1.7683628e-002
  1.7525582e-002
  1.6944499e-002
  1.6465147e-002
  1.5925886e-002
  1.9678917e-002
  1.8912278e-002
  1.8231401e-002
  1.8187818e-002
  1.8389857e-002
  1.8272521e-002
  1.7990784e-002
  1.7712713e-002
  1.8786529e-002
  1.8181317e-002
  1.7568923e-002
  1.7200911e-002
  2.2111280e-002
  3.1979991e-002
  3.0775700e-002
  2.9568087e-002
  2.8544352e-002
  2.7450225e-002
  2.6210566e-002
  2.5036165e-002
  2.4401847e-002
  2.3382179e-002
  2.2572123e-002
  2.1696746e-002
  2.0798943e-002
  2.1450981e-002
  2.3221260e-002
  2.2386940e-002
  2.1485799e-002
  2.2095690e-002
  2.1185668e-002
  2.0778640e-002
  2.0523958e-002
  2.0979377e-002
  2.0179961e-002
  1.9717808e-002
  1.9705587e-002
  2.0061111e-002
  2.0522591e-002
  1.9707579e-002
  1.9159896e-002
  1.9620530e-002
  1.8856345e-002
  2.0147250e-002
  1.9370195e-002
  2.0414234e-002
  2.0651167e-002
  2.0035300e-002
  1.9361775e-002
  1.8718157e-002
  1.8216058e-002
  1.7548481e-002
  1.6974993e-002
  1.6434960e-002
  1.5887003e-002
  1.5408361e-002
  1.5820665e-002
  1.5603119e-002
  1.5226289e-002
  1.4802406e-002
  1.4379591e-002
  1.4324767e-002
  2.2401398e-002
  2.8414491e-002
  3.0546756e-002
  2.9355097e-002
  2.8459603e-002
  2.7584590e-002
  2.6756026e-002
  2.6103801e-002
  2.5247972e-002
  2.5986070e-002
  2.5992328e-002
  2.4854276e-002
  2.3822175e-002
  2.3138270e-002
  2.2722503e-002
  2.2055478e-002
  2.3708221e-002
  2.3004131e-002
  2.2042423e-002
  2.1129410e-002
  2.0269316e-002
  1.9501498e-002
  1.8836970e-002
  1.8505036e-002
  1.7818154e-002
  1.8045657e-002
  1.8378106e-002
  1.8455191e-002
  2.0126389e-002
  1.9429025e-002
  1.9486812e-002
  1.8738779e-002
  1.8144963e-002
  1.7486091e-002
  1.7638873e-002
  1.7094991e-002
  1.6971082e-002
  1.8454198e-002
  1.7854889e-002
  1.7387241e-002
  1.6971508e-002
  1.6729809e-002
  1.6161040e-002
  1.5632589e-002
  1.5950147e-002
  1.5449086e-002
  1.5611815e-002
  1.5188510e-002
  1.4730774e-002
  1.4721674e-002
  1.7297584e-002
  2.2526723e-002
  2.2251568e-002
  2.1368433e-002
  2.3462913e-002
  2.5381139e-002
  2.4434015e-002
  2.4475706e-002
  2.3414022e-002
  2.3335967e-002
  2.3879623e-002
  2.4209321e-002
  2.3405818e-002
  2.2525757e-002
  2.1576842e-002
  2.1200378e-002
  2.0503668e-002
  1.9728126e-002
  1.8956750e-002
  1.8315198e-002
  1.8135758e-002
  1.8196267e-002
  1.8695628e-002
  1.8023952e-002
  1.7373316e-002
  1.6759858e-002
  1.6469452e-002
  1.5962897e-002
  1.5477670e-002
  1.5028309e-002
  1.4582842e-002
  1.4538529e-002
  2.0547131e-002
  2.0170474e-002
  1.9549007e-002
  1.8967038e-002
  1.8421947e-002
  1.8079814e-002
  1.7747097e-002
  1.7131990e-002
  1.6918948e-002
  1.6658077e-002
  1.6165918e-002
  1.5654131e-002
  1.5303051e-002
  1.6089135e-002
  1.5667185e-002
  1.5190911e-002
  1.4861168e-002
  1.4648700e-002
  1.4318631e-002
  1.3946359e-002
  1.4098211e-002
  1.5408943e-002
  1.9437013e-002
  2.0676943e-002
  2.1670448e-002
  2.1096404e-002
  2.1190945e-002
  2.1268496e-002
  2.1308203e-002
  2.0629959e-002
  2.1526287e-002
  2.0746360e-002
  1.9997194e-002
  1.9333243e-002
  1.9637782e-002
  1.8907116e-002
  1.8303417e-002
  1.9669235e-002
  2.1318168e-002
  2.0826787e-002
  1.9988216e-002
  1.9209871e-002
  1.8525566e-002
  1.7930571e-002
  1.9071281e-002
  1.8669396e-002
  1.9237168e-002
  1.8808522e-002
  2.0107103e-002
  1.9907964e-002
  1.9128726e-002
  1.8402019e-002
  2.1513502e-002
  2.0704633e-002
  2.0151410e-002
  2.0424740e-002
  1.9643165e-002
  1.8947601e-002
  1.8270165e-002
  1.7656123e-002
  1.7023108e-002
  1.6784452e-002
  1.6989944e-002
  1.8978338e-002
  1.8278971e-002
  2.1153227e-002
  2.1580406e-002
  2.0696186e-002
  1.9995101e-002
  1.9345961e-002
  1.9967133e-002
  1.9450821e-002
  1.8874142e-002
  1.8941203e-002
  1.8430865e-002
  2.1293408e-002
  2.2970533e-002
  2.1993088e-002
  2.1515503e-002
  2.1171068e-002
  2.0309541e-002
  2.0071066e-002
  1.9420441e-002
  1.8674791e-002
  1.9509600e-002
  2.3005577e-002
  2.2035629e-002
  2.1493205e-002
  2.1078080e-002
  2.0529890e-002
  2.1347260e-002
  2.0475883e-002
  1.9676189e-002
  1.8934257e-002
  1.8707051e-002
  2.0280563e-002
  2.0113119e-002
  2.3608438e-002
  2.3547095e-002
  2.2841054e-002
  2.2014335e-002
  2.1270247e-002
  2.0409991e-002
  2.1452433e-002
  2.0915444e-002
  2.0093568e-002
  1.9613300e-002
  2.0041126e-002
  1.9261001e-002
  1.8581017e-002
  1.8336851e-002
  1.8931705e-002
  1.8324018e-002
  1.9397842e-002
  1.8969782e-002
  1.8908931e-002
  2.2081679e-002
  2.5622155e-002
  2.4934452e-002
  2.8215269e-002
  2.7037565e-002
  2.6314420e-002
  2.7225914e-002
  2.6101323e-002
  2.6097716e-002
  2.6444940e-002
  2.5528155e-002
  2.4540145e-002
  2.6774480e-002
  2.7182721e-002
  2.6638152e-002
  2.5502198e-002
  2.6302446e-002
  2.7223548e-002
  2.6147698e-002
  2.5298493e-002
  2.4178833e-002
  2.3127088e-002
  2.2529582e-002
  2.4619538e-002
  2.3728750e-002
  2.2704551e-002
  2.2598441e-002
  2.3054572e-002
  2.7271552e-002
  2.7666975e-002
  2.6603711e-002
  2.5648851e-002
  2.6299258e-002
  2.5411826e-002
  2.4519359e-002
  2.4554908e-002
  2.3769811e-002
  2.4951918e-002
  2.3853137e-002
  2.2862407e-002
  2.2789305e-002
  2.1823495e-002
  2.1323912e-002
  2.0582991e-002
  2.0005197e-002
  1.9998310e-002
  1.9883751e-002
  1.9102335e-002
  1.8785590e-002
  1.8348994e-002
  1.7718990e-002
  1.7609746e-002
  1.7123766e-002
  1.7904660e-002
  1.7473333e-002
  1.6853427e-002
  1.6283457e-002
  1.6240459e-002
  1.5733328e-002
  1.5706667e-002
  1.5220594e-002
  1.6446531e-002
  1.6859427e-002
  1.6335404e-002
  1.6855398e-002
  1.6660380e-002
  1.6099020e-002
  1.5868049e-002
  1.5528805e-002
  1.5161210e-002
  1.5067450e-002
  1.5141665e-002
  1.5454570e-002
  1.5142897e-002
  1.4746871e-002
  1.4875463e-002
  1.7330801e-002
  2.3586842e-002
  2.2748775e-002
  2.1911443e-002
  2.1532444e-002
  2.2204472e-002
  2.1325638e-002
  3.4150952e-002
  3.2597164e-002
  3.3911567e-002
  3.3056169e-002
  3.1483833e-002
  3.0019196e-002
  3.0697931e-002
  2.9468936e-002
  3.3196597e-002
  3.1745235e-002
  3.1085343e-002
  2.9834076e-002
  2.9511419e-002
  2.8657801e-002
  2.7338663e-002
  2.6162954e-002
  2.4991398e-002
  2.3890283e-002
  2.3489712e-002
  2.4668818e-002
  2.3869179e-002
  2.3206636e-002
  2.2230027e-002
  2.1735485e-002
  2.0842795e-002
  2.0306200e-002
  1.9497170e-002
  1.8765345e-002
  1.8057401e-002
  1.7438874e-002
  1.6871648e-002
  1.6496841e-002
  1.6008375e-002
  1.5677941e-002
  1.5503689e-002
  1.6017843e-002
  1.7711947e-002
  1.7118427e-002
  1.6578193e-002
  1.6361024e-002
  1.5859569e-002
  1.5355434e-002
  1.5044732e-002
  1.4690457e-002
  1.4335686e-002
  1.3977732e-002
  1.3711632e-002
  1.3392989e-002
  1.3797313e-002
  1.3848645e-002
  1.4280972e-002
  1.4139699e-002
  1.3806120e-002
  1.5201775e-002
  1.4760210e-002
  1.4354090e-002
  1.5876685e-002
  1.6205361e-002
  1.6315215e-002
  1.5804294e-002
  1.6477736e-002
  1.6027249e-002
  1.5549576e-002
  1.5738456e-002
  1.5382768e-002
  1.4969987e-002
  1.4704307e-002
  1.4327807e-002
  1.4348491e-002
  1.4160037e-002
  1.3998099e-002
  1.5097850e-002
  1.4882005e-002
  1.4521292e-002
  1.4116748e-002
  1.3745877e-002
  1.6910711e-002
  1.6348163e-002
  1.5870300e-002
  1.5373635e-002
  1.4943720e-002
  1.4734994e-002
  1.4583657e-002
  1.4228654e-002
  1.4598326e-002
  1.4254888e-002
  1.4146358e-002
  1.3978347e-002
  1.3686212e-002
  1.3371689e-002
  1.3716970e-002
  1.3810512e-002
  1.4384774e-002
  1.5074815e-002
  1.5158637e-002
  1.4799868e-002
  1.5881312e-002
  1.5407553e-002
  1.5939732e-002
  1.5434514e-002
  1.5116075e-002
  1.4915661e-002
  1.4562208e-002
  1.4657790e-002
  1.4489552e-002
  1.4418120e-002
  2.0227450e-002
  1.9781273e-002
  1.9045086e-002
  1.8320059e-002
  1.8361312e-002
  1.8435514e-002
  1.7762195e-002
  1.7968531e-002
  1.7451115e-002
  1.8236050e-002
  1.8411640e-002
  1.8970274e-002
  2.1236689e-002
  2.0869635e-002
  2.0815031e-002
  2.0146486e-002
  2.2655689e-002
  2.4553059e-002
  2.7697395e-002
  2.6434740e-002
  3.4448976e-002
  3.3017308e-002
  3.6439686e-002
  3.9113405e-002
  4.3378956e-002
  4.4755845e-002
  4.8078008e-002
  4.5834714e-002
  4.3740678e-002
  4.1570778e-002
  4.2592017e-002
  4.1221576e-002
  3.9205017e-002
  3.9058806e-002
  3.7458341e-002
  3.6919268e-002
  3.5138118e-002
  3.3627452e-002
  3.5138288e-002
  3.3557868e-002
  3.2027151e-002
  3.0599773e-002
  2.9215349e-002
  2.7863640e-002
  2.6595157e-002
  2.6731452e-002
  2.7297526e-002
  2.7247054e-002
  2.7083239e-002
  2.6732427e-002
  2.7615049e-002
  2.9672709e-002
  2.8351252e-002
  2.7328567e-002
  2.6118693e-002
  2.5103245e-002
  2.8609724e-002
  2.7342200e-002
  2.7112657e-002
  2.8094422e-002
  2.6846020e-002
  2.6225807e-002
  2.7875837e-002
  2.6603702e-002
  2.5415598e-002
  2.5707575e-002
  2.4705076e-002
  2.3650235e-002
  2.2735910e-002
  2.1813964e-002
  2.2740231e-002
  2.1933867e-002
  2.3671202e-002
  2.4382551e-002
  2.3897076e-002
  2.2957823e-002
  2.2098836e-002
  2.1267231e-002
  2.7247674e-002
  2.6144783e-002
  2.5749296e-002
  2.5165531e-002
  2.4053893e-002
  2.3453829e-002
  2.3577579e-002
  2.2562944e-002
  2.3710320e-002
  2.2695444e-002
  2.2260197e-002
  2.1404995e-002
  2.1116481e-002
  2.0255471e-002
  1.9449721e-002
  1.8696487e-002
  1.9927837e-002
  1.9705314e-002
  1.8935331e-002
  1.8216075e-002
  1.8226830e-002
  1.8523665e-002
  1.7831878e-002
  1.7334577e-002
  1.6890887e-002
  1.6312988e-002
  1.9116565e-002
  1.8388332e-002
  1.8423781e-002
  1.7889893e-002
  1.8287964e-002
  1.8897569e-002
  1.8250324e-002
  1.7633312e-002
  1.7235583e-002
  1.9893276e-002
  1.9496890e-002
  1.8750071e-002
  2.0221327e-002
  2.0105378e-002
  1.9310420e-002
  1.9634673e-002
  1.8931325e-002
  1.9276117e-002
  1.8534309e-002
  1.9880308e-002
  1.9830499e-002
  1.9546995e-002
  1.8821629e-002
  1.9143722e-002
  1.9573835e-002
  1.8818648e-002
  1.8170934e-002
  1.7505821e-002
  1.7778852e-002
  1.7189388e-002
  1.7132806e-002
  1.7394052e-002
  2.0078281e-002
  1.9985815e-002
  1.9313701e-002
  2.0402775e-002
  2.1473138e-002
  2.2591509e-002
  2.2098930e-002
  2.1192041e-002
  2.0360109e-002
  1.9786629e-002
  1.9053289e-002
  1.9598325e-002
  1.9053479e-002
  1.8341144e-002
  1.9369760e-002
  1.8725704e-002
  1.9038016e-002
  1.8331735e-002
  1.8453609e-002
  1.8533015e-002
  1.9252508e-002
  1.8529398e-002
  1.8221639e-002
  1.7948736e-002
  1.7295757e-002
  1.6687540e-002
  1.6866187e-002
  1.7684524e-002
  1.7178996e-002
  1.6581367e-002
  1.6030398e-002
  1.5712784e-002
  1.5437483e-002
  1.5131116e-002
  1.5254747e-002
  1.5893032e-002
  1.6938149e-002
  1.9667888e-002
  1.9094203e-002
  1.8690915e-002
  1.8681691e-002
  1.7981687e-002
  1.9387584e-002
  2.1594621e-002
  2.0727151e-002
  2.0006690e-002
  2.0304737e-002
  1.9495802e-002
  1.9717430e-002
  1.9112386e-002
  1.8381610e-002
  1.7726952e-002
  2.0441438e-002
  2.0078443e-002
  1.9439906e-002
  1.9642295e-002
  1.9035067e-002
  1.8418259e-002
  1.7733753e-002
  1.7229786e-002
  1.6640741e-002
  1.6080922e-002
  1.9078169e-002
  1.8398802e-002
  1.7840197e-002
  1.7229254e-002
  1.6905656e-002
  1.6643484e-002
  1.7804283e-002
  1.7166989e-002
  1.6992873e-002
  1.6513200e-002
  1.5963620e-002
  1.5875387e-002
  1.5869377e-002
  1.5789952e-002
  1.5388558e-002
  1.4947891e-002
  1.6493651e-002
  2.0151587e-002
  2.1250789e-002
  2.0381232e-002
  1.9847508e-002
  2.5896626e-002
  2.6568623e-002
  2.7061267e-002
  2.7362218e-002
  2.6121633e-002
  2.5511947e-002
  2.4479997e-002
  2.3478497e-002
  2.4905276e-002
  2.5860607e-002
  2.5432247e-002
  2.4720453e-002
  2.4621789e-002
  2.3930809e-002
  2.3790266e-002
  2.3837234e-002
  2.3062944e-002
  2.6101230e-002
  2.5342056e-002
  2.7430124e-002
  2.7062112e-002
  2.7125891e-002
  3.2028775e-002
  3.1053708e-002
  3.3482123e-002
  3.2857724e-002
  3.1447999e-002
  3.9533913e-002
  4.0170430e-002
  3.8215045e-002
  3.7348104e-002
  3.5805274e-002
  3.6718732e-002
  3.9703448e-002
  3.7756739e-002
  3.6738924e-002
  3.5272227e-002
  3.4005267e-002
  3.2857936e-002
  3.1538414e-002
  3.0329717e-002
  2.8928342e-002
  2.9006182e-002
  2.8465400e-002
  2.8057790e-002
  2.7064375e-002
  2.6080595e-002
  2.5029414e-002
  2.4167678e-002
  2.7138214e-002
  2.6074453e-002
  2.4943486e-002
  2.5079466e-002
  3.1495790e-002
  3.1376152e-002
  3.0163883e-002
  3.0935765e-002
  2.9880254e-002
  3.0080009e-002
  2.9756468e-002
  3.1373664e-002
  3.0210264e-002
  2.8805116e-002
  2.7829402e-002
  2.8886866e-002
  2.9237038e-002
  2.8765676e-002
  3.2406634e-002
  3.6156502e-002
  3.4638501e-002
  3.9829474e-002
  3.8160051e-002
  4.0864356e-002
  3.9544006e-002
  3.8737423e-002
  3.9508735e-002
  3.8548408e-002
  3.6802930e-002
  3.5794828e-002
  3.8947875e-002
  3.9515347e-002
  4.5064479e-002
  4.3034225e-002
  4.4502435e-002
  4.2391237e-002
  4.2126998e-002
  4.0086663e-002
  3.9505648e-002
  4.1205960e-002
  4.5763617e-002
  4.3892117e-002
  4.2655174e-002
  4.1239658e-002
  4.2951170e-002
  4.0840006e-002
  4.0954284e-002
  3.9207565e-002
  3.8851532e-002
  3.7218117e-002
  3.5896778e-002
  3.9031947e-002
  3.7161022e-002
  3.5665424e-002
  3.4725562e-002
  3.3706118e-002
  3.3318724e-002
  3.1738936e-002
  3.0452352e-002
  2.9251921e-002
  2.8033539e-002
  2.7835027e-002
  2.6574325e-002
  2.5382682e-002
  2.5241995e-002
  2.6566393e-002
  2.5379051e-002
  2.4371998e-002
  2.3396223e-002
  2.4472036e-002
  2.5359985e-002
  2.5420615e-002
  2.4373277e-002
  2.6180916e-002
  2.6944718e-002
  2.5731059e-002
  2.5492991e-002
  2.5054235e-002
  2.5573428e-002
  2.4852520e-002
  3.2343968e-002
  3.0811894e-002
  2.9754251e-002
  2.8761690e-002
  2.7436519e-002
  2.6189267e-002
  2.5016139e-002
  2.7441346e-002
  2.7399321e-002
  2.6154268e-002
  2.4983232e-002
  3.8479954e-002
  3.7036868e-002
  3.5511200e-002
  3.5076791e-002
  3.6163970e-002
  3.4431420e-002
  3.3296563e-002
  3.1780466e-002
  3.0415704e-002
  2.9516017e-002
  2.9859733e-002
  2.9367817e-002
  2.8302883e-002
  2.7064689e-002
  2.8035893e-002
  2.7204909e-002
  2.6585417e-002
  2.5514777e-002
  2.5041693e-002
  2.7895086e-002
  2.6946239e-002
  2.8104857e-002
  2.6886834e-002
  3.2036473e-002
  3.2819529e-002
  3.2154882e-002
  3.1972619e-002
  3.1072092e-002
  3.0568341e-002
  3.2981708e-002
  3.2798238e-002
  3.2695676e-002
  3.1159463e-002
  3.0589999e-002
  3.0216444e-002
  2.9309409e-002
  3.1002059e-002
  3.0078820e-002
  2.9201781e-002
  2.9307918e-002
  3.0107618e-002
  2.8878264e-002
  2.7568977e-002
  2.7909681e-002
  2.7224606e-002
  2.7442461e-002
  2.7536269e-002
  2.6526455e-002
  3.3340090e-002
  3.5010921e-002
  3.5724304e-002
  3.4337539e-002
  3.6543435e-002
  3.6561063e-002
  3.4855777e-002
  3.3239791e-002
  3.3352249e-002
  3.4522042e-002
  3.4137896e-002
  3.3792697e-002
  3.2178008e-002
  3.2053605e-002
  3.3879495e-002
  3.2308831e-002
  3.2805930e-002
  3.1262426e-002
  3.2536367e-002
  3.5565577e-002
  3.6162248e-002
  3.4474912e-002
  3.3836714e-002
  3.2728363e-002
  3.2420844e-002
  3.0905300e-002
  3.0641135e-002
  3.0047299e-002
  2.8647252e-002
  2.7328779e-002
  2.7002073e-002
  2.7356371e-002
  2.7217035e-002
  3.5709751e-002
  3.5426968e-002
  3.5825083e-002
  3.4387239e-002
  3.2738611e-002
  3.2208627e-002
  3.1260811e-002
  3.1203227e-002
  2.9796548e-002
  2.9349193e-002
  2.9923995e-002
  2.9336944e-002
  2.8753090e-002
  2.7429276e-002
  2.6294883e-002
  2.5122356e-002
  2.7821273e-002
  2.6566873e-002
  2.5677121e-002
  2.6255642e-002
  2.6062871e-002
  2.5013336e-002
  2.4162555e-002
  2.3112955e-002
  2.2126680e-002
  2.3809287e-002
  2.4872794e-002
  2.3955980e-002
  2.4188853e-002
  2.5099429e-002
  2.5170834e-002
  2.4299570e-002
  2.3713564e-002
  2.4971085e-002
  2.4146234e-002
  2.3237702e-002
  2.4425821e-002
  2.4404719e-002
  2.3943823e-002
  2.3157757e-002
  2.2184431e-002
  2.2553850e-002
  2.1714062e-002
  2.2549324e-002
  2.3479785e-002
  2.3528183e-002
  2.2905467e-002
  2.2808531e-002
  2.3130759e-002
  2.3000400e-002
  2.2253336e-002
  2.1626901e-002
  2.0758632e-002
  2.0623523e-002
  2.1074209e-002
  2.1871963e-002
  2.1205172e-002
  2.0557590e-002
  1.9840027e-002
  2.0728720e-002
  1.9942841e-002
  2.1765603e-002
  2.1031446e-002
  2.0248826e-002
  2.0422846e-002
  1.9974158e-002
  1.9523679e-002
  1.8819107e-002
  1.8503690e-002
  1.8301865e-002
  1.7627029e-002
  1.7065272e-002
  1.6479667e-002
  1.6092283e-002
  1.5798709e-002
  1.5513008e-002
  1.5056859e-002
  1.5594728e-002
  1.7169086e-002
  1.9501161e-002
  2.0700408e-002
  1.9916415e-002
  1.9211598e-002
  1.8548718e-002
  2.1969503e-002
  2.1219120e-002
  2.0966206e-002
  2.0219758e-002
  1.9764380e-002
  1.9115724e-002
  1.8438324e-002
  1.9599242e-002
  1.8861310e-002
  1.8167857e-002
  1.7832983e-002
  1.8010699e-002
  1.7503438e-002
  1.9212919e-002
  1.9696705e-002
  2.0152412e-002
  1.9789924e-002
  1.9038892e-002
  1.8637418e-002
  1.8152243e-002
  1.7786652e-002
  1.8709487e-002
  2.1711504e-002
  2.2358639e-002
  2.3636722e-002
  2.3014671e-002
  2.2059417e-002
  2.1144176e-002
  2.1340498e-002
  2.2012695e-002
  2.2636142e-002
  2.5053026e-002
  2.4008045e-002
  2.3575190e-002
  2.2574510e-002
  2.5696565e-002
  2.4747423e-002
  2.4301299e-002
  2.3754810e-002
  2.2903095e-002
  2.2028429e-002
  2.1737247e-002
  2.1542776e-002
  2.0654961e-002
  2.0799046e-002
  2.0009807e-002
  1.9925064e-002
  1.9787955e-002
  2.0924258e-002
  2.1280674e-002
  2.0442677e-002
  1.9932537e-002
  2.0767508e-002
  1.9950826e-002
  1.9174895e-002
  1.8484230e-002
  1.7799333e-002
  1.7178715e-002
  1.6585923e-002
  1.6660185e-002
  1.6119438e-002
  1.5598142e-002
  1.7574789e-002
  1.7115254e-002
  1.7276417e-002
  1.7067207e-002
  1.6552627e-002
  1.7076306e-002
  1.6705904e-002
  1.6647034e-002
  1.6149435e-002
  1.6568897e-002
  1.6328758e-002
  1.5839027e-002
  1.7752002e-002
  1.7527560e-002
  1.7593600e-002
  1.7137995e-002
  1.6545067e-002
  1.6219206e-002
  1.7470330e-002
  1.7187096e-002
  1.6795431e-002
  1.6429736e-002
  1.5901498e-002
  1.5696965e-002
  1.5221577e-002
  1.6412866e-002
  1.5870852e-002
  1.5363255e-002
  1.4892634e-002
  1.4456907e-002
  1.4532447e-002
  1.4145435e-002
  1.3766464e-002
  1.3416982e-002
  1.3464497e-002
  1.3356767e-002
  1.8400540e-002
  1.8295434e-002
  1.7753394e-002
  1.7703739e-002
  1.7158648e-002
  1.6565451e-002
  1.8503634e-002
  1.7972548e-002
  1.8692437e-002
  1.9353489e-002
  1.8918992e-002
  1.8245374e-002
  1.7631520e-002
  1.7225322e-002
  1.6671575e-002
  1.6107266e-002
  1.5678504e-002
  1.5906531e-002
  1.5477531e-002
  1.5008175e-002
  1.7638548e-002
  1.7076170e-002
  1.6719771e-002
  1.6709730e-002
  1.6217510e-002
  1.6353309e-002
  1.5996419e-002
  1.5966795e-002
  1.5460982e-002
  1.5648664e-002
  1.5382144e-002
  1.4910062e-002
  1.4729716e-002
  1.5410965e-002
  1.4939173e-002
  1.5837656e-002
  1.5442397e-002
  1.4982050e-002
  1.4561429e-002
  1.4841112e-002
  1.7142690e-002
  1.6752107e-002
  1.6198528e-002
  1.5926118e-002
  1.5611209e-002
  1.7529820e-002
  1.6935813e-002
  2.0166091e-002
  1.9366907e-002
  1.9269916e-002
  1.8540072e-002
  1.8643671e-002
  1.9117173e-002
  1.8386102e-002
  2.0130629e-002
  1.9334079e-002
  1.8779366e-002
  1.9057238e-002
  1.8384980e-002
  1.9269291e-002
  1.8528170e-002
  1.8096159e-002
  1.7708834e-002
  1.7436137e-002
  1.6899136e-002
  1.6882814e-002
  1.6306795e-002
  1.6191796e-002
  1.5661147e-002
  1.5168746e-002
  1.5665292e-002
  1.5427215e-002
  1.5010208e-002
  1.4963945e-002
  1.4574339e-002
  1.4228387e-002
  1.3902599e-002
  1.4572850e-002
  1.4304651e-002
  1.4031107e-002
  1.3928339e-002
  1.4459521e-002
  1.5142766e-002
  1.4724256e-002
  1.5023492e-002
  1.4654090e-002
  1.4250254e-002
  1.6111569e-002
  1.5598048e-002
  1.8077230e-002
  1.7827672e-002
  1.7381472e-002
  1.7561766e-002
  1.7288102e-002
  1.7117124e-002
  1.6638481e-002
  1.7334569e-002
  1.8094571e-002
  1.7489898e-002
  1.7226626e-002
  1.6829248e-002
  1.6891565e-002
  1.6336276e-002
  1.5799013e-002
  1.5300402e-002
  1.5436858e-002
  1.5011191e-002
  1.4728180e-002
  1.4378044e-002
  1.4182512e-002
  1.4008528e-002
  1.4175219e-002
  1.4061452e-002
  1.4047019e-002
  1.4607096e-002
  1.4478874e-002
  1.4117202e-002
  1.4094629e-002
  1.4202116e-002
  1.3825859e-002
  1.3625462e-002
  1.3674402e-002
  1.4111287e-002
  1.3809674e-002
  1.3782783e-002
  1.3432577e-002
  1.3112292e-002
  1.3199186e-002
  1.3873124e-002
  1.3578620e-002
  1.3262635e-002
  1.3028244e-002
  1.2743575e-002
  1.2663694e-002
  1.2880771e-002
  1.2775037e-002
  1.3159334e-002
  1.3513112e-002
  1.3246050e-002
  1.3211509e-002
  1.3066565e-002
  1.3175185e-002
  1.3090662e-002
  1.3011353e-002
  1.2911846e-002
  1.3270557e-002
  1.2980082e-002
  1.3738190e-002
  1.3454299e-002
  1.3312912e-002
  1.3098269e-002
  1.4025082e-002
  1.3710979e-002
  1.5377078e-002
  1.6012500e-002
  1.5495131e-002
  1.5995828e-002
  1.5543329e-002
  1.5488005e-002
  1.5354640e-002
  1.5010924e-002
  1.4572120e-002
  1.4380115e-002
  1.4010284e-002
  1.5714463e-002
  1.5520183e-002
  1.5071418e-002
  1.4831290e-002
  1.4534174e-002
  1.4709962e-002
  1.4513255e-002
  1.4287247e-002
  1.3906104e-002
  1.3654746e-002
  1.3472874e-002
  1.3198906e-002
  1.3170996e-002
  1.2908044e-002
  1.3111125e-002
  1.5100548e-002
  1.4716321e-002
  1.5802672e-002
  1.5310009e-002
  1.5145358e-002
  1.4730676e-002
  1.4331437e-002
  1.4479420e-002
  1.4370443e-002
  1.3982999e-002
  1.4333674e-002
  1.3942094e-002
  1.3932546e-002
  1.4035868e-002
  1.4555271e-002
  1.4919967e-002
  1.4518098e-002
  2.5625059e-002
  2.4562566e-002
  2.3693660e-002
  2.2780711e-002
  2.1967398e-002
  2.2600642e-002
  2.1648168e-002
  2.0814383e-002
  1.9973552e-002
  2.0390144e-002
  1.9750000e-002
  1.9030426e-002
  1.9195203e-002
  1.9011174e-002
  1.8440276e-002
  1.8050857e-002
  1.8142347e-002
  1.7534388e-002
  1.7571880e-002
  1.7857806e-002
  1.9325051e-002
  1.8929908e-002
  1.8579532e-002
  1.7884414e-002
  1.7239329e-002
  1.6888114e-002
  1.6452139e-002
  1.5929593e-002
  1.5597335e-002
  1.5335234e-002
  1.4872884e-002
  1.4438576e-002
  1.4268331e-002
  1.4148673e-002
  1.3998544e-002
  1.3654113e-002
  1.3453023e-002
  1.3131614e-002
  1.2833321e-002
  1.2846252e-002
  1.2653188e-002
  1.2695113e-002
  1.2468463e-002
  1.2896964e-002
  1.2622399e-002
  1.2653543e-002
  1.2634498e-002
  1.2574445e-002
  1.2488706e-002
  1.2251596e-002
  1.2047042e-002
  1.1870219e-002
  1.1991797e-002
  1.2086714e-002
  1.1965779e-002
  1.2869920e-002
  1.2658865e-002
  1.2398738e-002
  1.2409637e-002
  1.2318294e-002
  1.2119878e-002
  1.1905207e-002
  1.1709053e-002
  1.2916002e-002
  1.4327941e-002
  1.3936480e-002
  1.5888865e-002
  1.5387998e-002
  1.5000468e-002
  1.4694863e-002
  1.4704894e-002
  1.4303847e-002
  1.3929727e-002
  1.3572463e-002
  1.4026914e-002
  1.3663518e-002
  1.3323322e-002
  1.3091627e-002
  1.2956383e-002
  1.3258048e-002
  1.2955649e-002
  1.2856078e-002
  1.2582341e-002
  1.4348246e-002
  1.4621425e-002
  1.4642928e-002
  1.4793794e-002
  1.4379945e-002
  1.5246693e-002
  1.4826477e-002
  1.4458513e-002
  1.4083785e-002
  1.4234790e-002
  1.5672069e-002
  1.5222892e-002
  1.5084294e-002
  1.4704868e-002
  1.4309622e-002
  1.3925885e-002
  1.3952370e-002
  1.3899777e-002
  1.3727928e-002
  1.3489750e-002
  1.3280687e-002
  1.3337352e-002
  1.3026513e-002
  1.2870418e-002
  1.2629052e-002
  1.2374421e-002
  1.4223012e-002
  1.3844957e-002
  1.3559314e-002
  1.3236306e-002
  1.2955810e-002
  1.2743782e-002
  1.4678780e-002
  1.4295182e-002
  1.4159549e-002
  1.3784369e-002
  1.3724149e-002
  1.3927870e-002
  1.3871534e-002
  1.3513826e-002
  1.3184291e-002
  1.3142651e-002
  1.3056523e-002
  1.2788494e-002
  1.2575699e-002
  1.2701924e-002
  1.2439848e-002
  1.2267475e-002
  1.2264883e-002
  1.2083885e-002
  1.2185335e-002
  1.2138996e-002
  1.1938312e-002
  1.1780965e-002
  1.3906102e-002
  1.6642137e-002
  1.6109798e-002
  1.5657495e-002
  1.5371770e-002
  1.6362723e-002
  1.6201524e-002
  1.6117745e-002
  1.5820363e-002
  1.5508681e-002
  1.5348455e-002
  1.5043480e-002
  1.4620269e-002
  1.5104390e-002
  1.4736822e-002
  1.4755279e-002
  1.4363040e-002
  1.4271877e-002
  1.3884848e-002
  1.4426886e-002
  1.4367560e-002
  1.3976147e-002
  1.3627781e-002
  1.3843899e-002
  1.4723739e-002
  1.4374726e-002
  1.3978086e-002
  1.3842616e-002
  1.3619427e-002
  1.3725888e-002
  1.3480067e-002
  1.3331920e-002
  1.3023704e-002
  1.4558009e-002
  1.4148881e-002
  1.4000291e-002
  1.3645502e-002
  1.3723255e-002
  1.3378644e-002
  1.3302454e-002
  1.3377430e-002
  1.3237797e-002
  1.2934455e-002
  1.2759380e-002
  1.3468216e-002
  1.3182594e-002
  1.2965336e-002
  1.3301451e-002
  1.3645450e-002
  1.3306875e-002
  1.3190929e-002
  1.3159740e-002
  1.3126090e-002
  1.2943272e-002
  1.3126153e-002
  1.3423965e-002
  1.3132733e-002
  1.2841993e-002
  1.2653994e-002
  1.3979724e-002
  1.5058877e-002
  1.7043621e-002
  1.7452683e-002
  1.8722082e-002
  1.8421494e-002
  1.7907205e-002
  1.7257397e-002
  1.6830321e-002
  1.6804623e-002
  1.7127346e-002
  1.6588853e-002
  1.6975432e-002
  1.6412292e-002
  1.5948981e-002
  1.6361002e-002
  1.6968955e-002
  1.7044001e-002
  1.6499099e-002
  1.5949978e-002
  1.5440155e-002
  1.5101384e-002
  1.4760714e-002
  1.4560096e-002
  1.4293695e-002
  1.4511532e-002
  1.4105910e-002
  1.3757988e-002
  1.3754698e-002
  1.3676397e-002
  1.3409356e-002
  1.3966265e-002
  1.4618347e-002
  1.4372857e-002
  1.4472943e-002
  1.4558143e-002
  1.4475916e-002
  1.4071541e-002
  1.4241991e-002
  1.4123818e-002
  1.3749261e-002
  1.3633211e-002
  1.5630871e-002
  1.5249486e-002
  1.6026173e-002
  1.5509158e-002
  1.5054157e-002
  1.4615295e-002
  1.5674204e-002
  1.5439921e-002
  1.4969811e-002
  1.6717261e-002
  1.6153292e-002
  1.7826161e-002
  1.7942056e-002
  2.0902662e-002
  2.2160414e-002
  2.1305039e-002
  2.0434561e-002
  1.9651096e-002
  2.0413811e-002
  2.0175534e-002
  1.9406438e-002
  2.3262275e-002
  2.5761063e-002
  2.5986134e-002
  2.4899144e-002
  2.4552832e-002
  2.3479958e-002
  2.2798311e-002
  2.2021821e-002
  2.1122004e-002
  2.0319394e-002
  1.9527794e-002
  1.9360692e-002
  1.8740986e-002
  1.8359075e-002
  1.8154015e-002
  1.7796324e-002
  1.8073391e-002
  1.9845333e-002
  1.9472091e-002
  1.9484199e-002
  1.8773532e-002
  1.8065827e-002
  1.7534442e-002
  1.6974430e-002
  1.7714175e-002
  1.7334422e-002
  1.7670304e-002
  1.8751733e-002
  1.8814689e-002
  1.8263751e-002
  1.7793424e-002
  1.7326092e-002
  1.6738792e-002
  1.6200783e-002
  1.5943034e-002
  1.5497899e-002
  1.5087592e-002
  1.4697816e-002
  1.4293496e-002
  1.3915651e-002
  1.3784348e-002
  1.3463644e-002
  1.4900501e-002
  1.5357200e-002
  1.4904340e-002
  1.4478379e-002
  1.4077298e-002
  1.3703501e-002
  1.3404042e-002
  1.3262531e-002
  1.3003843e-002
  1.2855015e-002
  1.2731071e-002
  1.3084904e-002
  1.2886591e-002
  1.2828555e-002
  1.2745552e-002
  1.2696395e-002
  1.2433154e-002
  1.2191890e-002
  1.2750806e-002
  1.2491149e-002
  1.2247734e-002
  1.2321495e-002
  1.2465197e-002
  1.3680631e-002
  1.3572746e-002
  1.3596164e-002
  1.3285523e-002
  1.3286395e-002
  1.3074421e-002
  1.5598318e-002
  1.5114804e-002
  1.4662989e-002
  1.4809377e-002
  1.4532750e-002
  1.4557217e-002
  1.4412569e-002
  1.4924458e-002
  1.4528254e-002
  1.4468555e-002
  1.4734587e-002
  1.8868082e-002
  1.8169009e-002
  1.7539224e-002
  1.7119824e-002
  1.7984018e-002
  1.7791575e-002
  1.7229322e-002
  1.6955369e-002
  1.6644473e-002
  1.6358036e-002
  1.6663352e-002
  3.0119863e-002
  3.2046572e-002
  3.0590343e-002
  2.9384923e-002
  2.8153577e-002
  2.7787940e-002
  2.6551506e-002
  2.5580970e-002
  2.4724066e-002
  2.3645036e-002
  2.2627710e-002
  2.1852819e-002
  2.1432550e-002
  2.1274741e-002
  2.3021786e-002
  2.2049584e-002
  2.2333257e-002
  2.1470335e-002
  2.1718748e-002
  2.0918958e-002
  2.0116952e-002
  1.9334884e-002
  2.0045446e-002
  1.9511868e-002
  1.8774940e-002
  1.8067304e-002
  1.7817929e-002
  1.7328689e-002
  2.0854457e-002
  2.0014326e-002
  1.9604515e-002
  1.9033859e-002
  1.8459057e-002
  1.7797760e-002
  1.7901320e-002
  1.7257595e-002
  1.8250606e-002
  1.8471345e-002
  1.8122555e-002
  1.7596581e-002
  1.7566061e-002
  1.7207614e-002
  1.7938944e-002
  1.7433326e-002
  1.6835437e-002
  1.6259257e-002
  1.5723792e-002
  1.5908594e-002
  1.5655766e-002
  1.6911073e-002
  1.6350758e-002
  1.5893981e-002
  1.6024772e-002
  1.5567892e-002
  1.5164320e-002
  2.1532244e-002
  2.0644837e-002
  1.9815331e-002
  1.9474646e-002
  2.0133790e-002
  1.9376629e-002
  1.8650532e-002
  2.1782010e-002
  2.0888908e-002
  2.0335956e-002
  2.1912070e-002
  2.2675540e-002
  2.1860496e-002
  2.2823323e-002
  2.1975001e-002
  2.1060188e-002
  2.0353269e-002
  2.1867142e-002
  2.1133895e-002
  2.0855929e-002
  2.0011553e-002
  1.9243032e-002
  1.9537755e-002
  1.8939706e-002
  1.8254866e-002
  1.7648637e-002
  1.8147900e-002
  1.9417847e-002
  1.8692133e-002
  1.8156306e-002
  1.8301720e-002
  1.8040491e-002
  1.7386786e-002
  1.7796001e-002
  2.2220874e-002
  2.1544474e-002
  2.1018781e-002
  2.0186366e-002
  2.0264109e-002
  1.9538170e-002
  1.9084366e-002
  1.8453638e-002
  1.8541550e-002
  1.7872258e-002
  1.8356683e-002
  1.8750862e-002
  1.8138423e-002
  1.7476182e-002
  1.8002491e-002
  1.7525854e-002
  1.6924765e-002
  1.6363497e-002
  1.6499955e-002
  1.6108922e-002
  1.5780883e-002
  1.5492509e-002
  1.5206002e-002
  1.5300682e-002
  1.7553649e-002
  1.6937577e-002
  1.7193340e-002
  1.9929506e-002
  1.9474584e-002
  1.8827261e-002
  2.9908868e-002
  2.8612867e-002
  2.7318819e-002
  2.6317210e-002
  2.5439528e-002
  2.4357283e-002
  2.3496025e-002
  2.2863861e-002
  2.2353557e-002
  2.3194271e-002
  2.2213549e-002
  2.1285560e-002
  2.0669554e-002
  1.9840498e-002
  1.9116484e-002
  1.8989578e-002
  1.8321319e-002
  1.7732967e-002
  1.7771896e-002
  1.7178445e-002
  1.6885741e-002
  1.6406263e-002
  1.5915233e-002
  1.5480789e-002
  1.5103471e-002
  1.4869391e-002
