  1.0046323e-001
  1.0401807e-002
  3.5491611e-002
 -2.2780134e-002
  1.4132366e-002
 -2.2315695e-002
 -3.7517972e-002
 -5.0330086e-002
 -2.6230979e-002
 -9.6087752e-003
  2.0910111e-002
 -5.2656747e-003
  3.1363532e-002
  1.4530997e-002
 -7.3304485e-002
 -4.7961385e-004
  2.2608491e-002
 -5.1671123e-003
 -7.7074576e-003
  3.1892418e-002
 -1.9007795e-002
 -2.4598829e-002
 -9.9658527e-003
  2.0778549e-002
 -7.6152808e-003
 -1.1437457e-002
 -3.3795623e-002
 -1.5279677e-002
  1.6478892e-002
  2.0489877e-002
  1.4670706e-002
 -1.5794960e-002
 -2.0866436e-002
 -9.4258434e-003
 -2.2789130e-002
  2.2900707e-002
  5.3431310e-002
 -6.4867977e-002
 -5.4954924e-002
 -1.7129860e-002
 -5.5349745e-002
  1.1314077e-002
 -1.2759084e-002
  5.2648883e-002
 -8.6206246e-003
 -1.6046732e-002
 -8.1203528e-003
 -3.7171439e-002
  4.4047585e-003
  3.6644694e-002
  5.9735633e-003
  4.1922451e-003
 -8.0647058e-003
 -6.3558843e-003
  2.6883768e-002
  2.4003443e-003
 -2.3473551e-002
 -1.9177766e-002
  6.4201369e-002
  8.1879474e-003
  1.9840205e-003
  2.1534649e-002
 -4.2569488e-003
 -1.2180117e-002
 -1.8030226e-004
 -1.8030226e-004
 -6.4842382e-003
  1.8940109e-002
  4.5432182e-003
  1.5778770e-002
 -7.0807549e-003
  2.4315913e-002
  4.2097957e-003
  4.6880016e-002
  2.0499903e-002
  3.2609521e-002
 -2.4381383e-002
  1.0775552e-002
  2.0395096e-002
 -1.6463848e-002
 -8.7825059e-003
  3.1703376e-002
 -6.3510813e-002
 -2.2720700e-002
  9.1980753e-003
 -1.3365308e-002
  5.1449290e-003
 -1.2087022e-002
 -1.7171091e-003
 -1.2574741e-003
 -9.9274205e-003
  1.2027220e-002
  5.7916931e-003
 -1.8030226e-004
 -2.3347361e-002
 -2.8708386e-002
  6.8687496e-003
  7.9284948e-003
 -1.6464187e-002
 -4.8588621e-003
 -1.8030226e-004
 -9.2771811e-003
  1.1339254e-002
 -3.1143542e-002
 -9.0380522e-003
  1.0173832e-002
  3.3025771e-003
  6.4203817e-003
 -1.8030226e-004
  9.4768642e-003
  1.2766958e-002
 -3.4014357e-003
  1.4392780e-002
 -1.5398858e-002
  1.0257368e-002
  1.4158672e-003
  4.5491159e-002
  1.1182596e-002
  9.4149737e-003
 -3.0784114e-002
  2.8182864e-002
 -1.9355042e-002
 -3.8718321e-002
 -1.1332242e-002
  1.1005176e-003
  1.0957442e-002
 -9.7193253e-003
 -1.7790237e-003
  1.4117003e-002
 -3.0606989e-002
  2.4179453e-003
  2.6859182e-002
 -9.0593839e-003
 -1.2035615e-002
  2.2341858e-003
  9.2605231e-003
 -7.2124553e-003
 -6.2935775e-003
 -1.4720835e-003
 -1.7973790e-003
 -2.0452371e-002
 -2.3573182e-002
 -1.4654799e-002
 -2.8008185e-002
  7.0114337e-004
 -1.1521909e-002
  1.5556916e-002
  1.7476625e-003
 -2.8776514e-002
  1.1285248e-002
  1.7771679e-003
 -1.3603322e-002
 -1.8032402e-003
 -3.8066407e-002
  7.2893870e-003
 -1.1109677e-003
 -9.5349075e-003
  4.6950121e-003
 -1.8030226e-004
  2.0370268e-002
  4.0256105e-003
  4.3713669e-003
  3.4461749e-003
 -8.3584487e-003
  4.3713669e-003
  7.7806589e-003
 -9.0499414e-003
  1.0489842e-002
  2.9069324e-002
  2.1422543e-002
 -2.5767430e-003
 -3.2399023e-002
  5.1153853e-003
 -2.3333607e-002
  2.0858092e-002
  1.5747225e-002
  9.4966351e-003
  6.7917351e-004
  1.5364363e-003
  1.5334942e-003
 -6.8807827e-003
 -2.3021501e-002
 -1.6718422e-002
 -1.5720911e-002
 -1.3194875e-002
  1.9730850e-002
 -1.7879879e-002
 -1.5391131e-002
 -5.8035599e-003
 -5.8353598e-003
  2.2065685e-002
 -3.0016458e-002
  3.0525616e-003
  2.2848549e-003
 -1.8030226e-004
  2.6565790e-003
  6.4079568e-003
 -1.5113006e-002
  1.5321898e-003
 -8.3888050e-003
  2.3084517e-003
 -1.9485921e-002
 -2.5222237e-003
 -1.6530514e-002
  2.5311274e-002
 -3.0886902e-003
  3.3235695e-002
 -2.0095612e-002
 -5.9440070e-003
  1.8904247e-002
 -3.3990876e-003
  1.2445890e-002
 -1.1479857e-002
  3.0591357e-002
  2.8067095e-002
  3.9176990e-003
 -4.9939997e-002
 -1.8283757e-002
 -2.0363592e-002
  2.9216777e-003
  4.4547002e-003
 -5.0088969e-003
 -1.0886000e-002
 -1.3973624e-002
 -4.1564507e-003
  2.0085355e-003
  2.4943689e-002
 -1.7321940e-003
  3.3080733e-003
 -2.2481696e-002
 -1.7138314e-002
 -1.4364937e-002
 -4.2702876e-003
 -6.5530240e-003
  2.0856375e-003
 -4.3276829e-002
  8.9323514e-004
  4.1023595e-003
  1.6769256e-002
  1.9787084e-002
  1.5957317e-002
 -1.3233720e-002
  1.2873116e-002
 -2.7708745e-002
  6.8765971e-003
  4.9770067e-003
 -1.0521656e-002
  5.1674165e-002
  8.4739799e-002
 -1.5344564e-002
 -1.3150652e-002
  1.5731227e-002
  1.2224089e-002
  2.3545533e-003
 -1.8030226e-004
  1.6852831e-002
 -5.1705105e-003
 -1.0416541e-002
  6.4761943e-003
 -1.8030226e-004
 -2.7813400e-002
 -3.8126252e-002
 -9.4129126e-003
  4.6389841e-003
  2.8257633e-002
  2.6195129e-003
  1.5355428e-002
 -1.7208291e-002
 -2.5512469e-002
  5.1662829e-003
  1.2874467e-002
 -1.9156203e-002
 -2.3437164e-002
 -2.4995471e-002
 -1.9909858e-003
 -1.0299797e-002
 -2.3851264e-002
 -3.8861389e-004
  3.0995315e-002
  3.2467749e-003
 -2.9588180e-002
 -2.3030054e-002
  1.0366094e-002
 -7.5510843e-003
 -6.9671788e-003
 -9.5881117e-003
 -1.2549934e-003
 -4.7066599e-003
  4.3460553e-003
 -1.8030226e-004
 -3.4113229e-003
 -1.8469512e-002
  1.0529012e-002
 -6.5046064e-003
 -3.6867709e-003
 -1.4984044e-003
 -1.1010334e-002
 -6.2055706e-002
 -6.5885776e-002
  4.9799330e-002
  1.3178675e-002
 -1.8112641e-002
 -1.7212344e-002
  1.6851740e-002
  1.8936170e-002
 -1.4003210e-002
 -3.4106680e-002
  2.7245511e-002
 -3.8100704e-003
 -6.0154757e-003
  1.4103926e-002
  1.7924051e-002
  1.2720076e-002
  3.8000127e-002
 -1.3503295e-002
 -3.1398947e-003
  1.8695788e-003
  9.5670754e-004
  4.3548529e-003
  6.5840978e-003
  1.3212755e-002
 -1.2895648e-003
  1.9600563e-002
 -2.1071661e-002
  1.8532407e-002
 -3.3442792e-002
 -6.9676587e-003
 -1.9665159e-002
  1.9008639e-003
 -7.1344332e-003
 -1.8099150e-003
 -1.8283535e-002
 -6.1291598e-003
  1.4037947e-002
 -3.0033265e-002
 -6.2593484e-003
  8.8036115e-003
 -9.1642161e-003
  1.1941059e-002
 -1.8030226e-004
 -1.8030226e-004
  1.7730625e-002
  2.1837650e-003
 -1.5647594e-002
 -4.9880039e-003
 -1.8030226e-004
  1.2271966e-002
  3.4434941e-002
  5.3523877e-002
  1.9237784e-002
  5.1473608e-003
  4.0429130e-002
 -4.1852998e-002
  1.0401807e-002
 -2.5768052e-002
  2.1926899e-003
  2.3034456e-002
 -2.9880167e-002
 -2.8332590e-002
 -1.2073183e-002
  8.3609948e-003
  7.1455239e-004
 -1.6411497e-002
 -9.3127859e-003
 -4.7780115e-003
  2.8042108e-004
  6.0187762e-003
 -1.4937314e-002
  1.8004110e-002
 -2.3021300e-002
  3.7791765e-003
 -1.8087777e-003
  2.8524710e-004
 -1.0707946e-002
 -4.1864347e-003
  3.3553525e-003
  3.3428957e-003
 -4.1479634e-004
 -1.1501178e-002
 -5.2772752e-002
  1.4954586e-002
 -9.3331182e-003
 -9.1668830e-003
 -8.9953701e-003
 -1.2397303e-002
  1.2036699e-002
 -3.2205884e-003
  1.2677558e-002
 -1.1516864e-002
  5.3780748e-003
  2.5873432e-003
  7.3291197e-003
  2.2015430e-002
 -6.2965293e-003
  2.5154474e-003
  6.8920354e-003
 -8.9672761e-003
 -5.5883784e-003
 -2.6482206e-003
 -1.3362933e-002
  2.4793180e-002
  4.4005990e-002
  3.1327421e-002
  3.0804011e-002
 -1.2992494e-002
  2.2243148e-002
 -2.2159209e-002
  2.1798605e-002
 -1.0011075e-002
  2.9879265e-002
 -7.4499516e-003
 -6.6388823e-003
 -7.7684146e-003
  2.2413451e-002
  4.0659886e-003
  7.2075941e-003
  3.0878095e-002
  3.4875867e-002
 -1.4055648e-002
  1.4152305e-003
  2.2082339e-003
 -4.9630934e-003
  6.5885868e-003
 -2.8555281e-002
 -1.2296684e-002
  2.4310718e-002
  1.2043074e-002
  3.0995637e-002
 -1.7118310e-002
  1.3892487e-003
  1.5825030e-003
 -4.3165430e-002
 -6.3278626e-003
  1.1874191e-002
  2.3104572e-002
 -4.1564507e-003
 -5.7736049e-003
  4.4164880e-003
 -5.1778140e-003
 -1.8030226e-004
 -1.2074405e-002
 -1.7981284e-002
 -3.3768682e-002
  3.2297607e-003
  4.1492394e-002
  2.6004477e-002
  1.8057957e-003
 -8.1484719e-003
 -8.2124740e-003
  2.5691788e-002
 -1.1441905e-002
  9.1147315e-003
 -1.9058160e-002
  9.7998205e-003
  4.1634248e-002
  3.7207230e-002
 -1.8030226e-004
  1.5295655e-002
  1.6837574e-002
  1.2396482e-003
 -1.6813074e-002
 -8.3288309e-003
  1.6362286e-003
 -2.6848549e-002
  4.7144270e-002
 -2.3159144e-003
 -1.4174072e-002
 -1.5656259e-002
  1.2581950e-002
 -2.9034642e-002
  1.4964564e-003
  3.1648040e-003
  3.5234056e-003
 -1.5078157e-002
  3.3033083e-002
  1.7805794e-002
  4.8015509e-002
  2.3488449e-002
 -1.3204363e-002
  8.8543919e-003
  9.5985110e-003
 -2.3267573e-003
 -3.0895144e-002
 -1.3391440e-002
 -3.6405134e-003
 -1.2386208e-002
  2.4084320e-002
  2.3848979e-003
 -5.3172999e-003
  1.4306530e-002
 -2.4154053e-002
 -7.1368521e-003
 -2.8500779e-002
  1.2308710e-002
 -1.7528497e-002
  4.4279304e-002
  5.1112992e-002
 -1.6709604e-002
 -5.3405285e-002
 -8.8307226e-003
 -1.8069867e-002
  3.7025052e-002
  8.4777604e-003
 -2.7268022e-002
  3.1208500e-002
 -1.3139447e-002
 -9.4404366e-003
 -4.5605938e-002
 -3.2664024e-002
 -2.1274085e-002
  6.3872314e-003
  3.5003959e-002
 -3.7098834e-002
  1.0180497e-002
  1.4222069e-002
 -1.8030226e-004
 -1.8030226e-004
  1.4759285e-002
  4.1923540e-002
 -1.0541238e-002
 -1.8030226e-004
 -2.1780198e-002
 -2.8089090e-002
  5.6663597e-002
  3.3126896e-002
 -1.1450469e-002
 -1.2461158e-002
 -3.3747126e-002
 -1.3595922e-002
  1.1956662e-002
  2.5799871e-002
 -1.3086020e-002
  3.6309754e-002
 -6.3740887e-006
  4.8505002e-003
  2.2404063e-002
  4.9617333e-004
 -1.4654799e-002
 -8.2747235e-003
 -1.1134076e-002
 -1.9598388e-002
 -1.8166398e-002
  3.6401418e-004
  1.3868920e-002
 -1.1150649e-002
 -4.7113477e-003
  1.5142215e-002
  7.8375580e-003
  2.4360807e-002
 -9.7497533e-003
  5.1875404e-004
 -1.7538667e-003
  1.4065943e-002
  3.2638203e-003
 -1.3505757e-002
 -1.9239819e-003
  2.5660929e-002
  1.9855725e-002
 -4.6912113e-003
 -2.0820520e-002
  1.2558724e-002
 -1.0245404e-003
  1.0739588e-002
 -8.0642650e-003
 -6.6003277e-003
  1.1614274e-002
  1.3957148e-002
  1.7012099e-002
  7.9038161e-003
  4.6389841e-003
 -1.4220717e-002
 -3.3896932e-002
 -5.8852721e-002
 -1.0032599e-002
 -8.3141022e-003
 -1.6833629e-002
  2.8917950e-002
 -5.2117595e-003
 -9.6752312e-002
 -8.1484719e-003
  4.8228837e-002
  2.5032699e-002
 -7.3787127e-004
  3.7161680e-003
 -3.9267691e-002
 -1.2386208e-002
 -6.2512033e-002
  1.0139707e-002
  2.5363353e-002
 -1.2465221e-002
  2.7793550e-002
  1.9139257e-002
  1.2953131e-005
  6.5602143e-003
 -1.8030226e-004
 -1.8030226e-004
 -1.9169441e-002
  3.5935801e-002
  1.2940786e-002
  1.4607398e-002
 -2.9363904e-003
  1.5338038e-002
 -1.9935394e-003
  1.2443851e-002
 -1.8030226e-004
  3.3975190e-003
 -1.8030226e-004
  4.2740480e-003
 -4.6346526e-003
 -9.1489723e-003
 -5.0570391e-003
 -8.5439874e-003
  1.1076171e-002
  1.9661264e-002
  3.0323152e-002
 -4.3089853e-003
  4.8063816e-003
  1.1755049e-002
  4.0480338e-003
 -1.0245404e-003
  7.7275373e-003
  5.8347534e-003
 -4.8555488e-003
 -3.5331973e-003
  5.8468380e-003
  2.9861031e-003
 -1.5606497e-002
 -1.1737195e-002
 -1.6552921e-002
  9.3312264e-003
  3.9419983e-003
  2.5038941e-002
 -2.5230075e-003
  2.6636979e-003
 -2.6758252e-002
 -1.8183212e-002
 -1.6025704e-002
  3.3626598e-003
 -2.1628845e-002
 -6.3419746e-003
 -4.0050952e-003
  1.6109651e-002
 -7.3875407e-003
 -4.7113477e-003
 -8.0220494e-003
  4.0217684e-003
 -1.2101580e-002
 -8.5175437e-003
  8.7102915e-003
  2.2968458e-002
  9.3239385e-003
 -5.1901535e-003
 -1.0775657e-003
  1.4341926e-003
 -3.6501477e-002
 -2.7859245e-003
 -5.0374013e-003
 -2.0547171e-003
 -3.9397052e-003
  9.1918375e-003
 -9.9291609e-003
 -4.5227994e-003
 -1.6394296e-002
 -4.9995887e-003
 -9.8891164e-003
  8.5618612e-003
 -5.0276215e-003
 -3.1000124e-003
  1.4909944e-002
  1.2223254e-002
 -1.7974706e-002
  1.9887261e-002
  1.4097604e-002
 -5.9795890e-003
 -2.3911838e-002
  3.6547935e-003
  1.9716138e-002
  1.6941125e-003
 -7.6991347e-003
 -9.6590463e-003
 -5.5279086e-003
  1.3513332e-002
 -9.4791643e-003
 -1.0914543e-002
 -5.1585175e-002
 -1.3249714e-002
 -4.2997726e-003
  8.5115734e-004
  1.8003875e-002
  1.8474336e-002
 -2.3687046e-003
 -1.9282119e-002
 -7.7198184e-003
 -2.4821781e-002
  1.9540109e-002
 -2.3891895e-002
  3.8424967e-002
  1.6090018e-002
 -2.0102482e-002
  9.3272033e-003
 -4.1698801e-002
 -4.0652585e-002
 -5.1979797e-002
 -1.8030226e-004
 -8.2911700e-002
  1.3476024e-002
 -6.5129923e-002
 -6.4017315e-002
 -7.8938188e-002
  6.1604051e-002
  7.9313588e-002
 -1.3710154e-002
 -1.4437437e-002
 -1.8030226e-004
  5.6180057e-002
 -2.7437019e-002
  3.7592957e-003
  4.1155322e-002
  1.7024960e-002
 -3.4124479e-002
 -2.9975663e-003
 -1.2307918e-002
  5.1177892e-002
  9.6357274e-003
 -7.5332766e-003
  8.1489962e-003
  5.9002223e-003
  6.2151371e-005
 -1.6359066e-003
 -2.9496356e-002
  3.4221125e-002
  2.8158301e-002
  2.6691827e-002
 -2.4004720e-002
  3.7265212e-002
 -4.8215396e-002
 -6.3502317e-003
  1.3766266e-002
  4.5035470e-003
 -9.8059195e-003
  5.5115352e-002
 -5.7762878e-003
  2.5962082e-002
  3.8636622e-002
 -5.0300746e-003
 -1.9602532e-002
  4.3258954e-002
  8.5094464e-004
  2.4959731e-003
  2.9793590e-002
  9.3511440e-003
 -4.1407035e-003
  7.7248772e-003
  4.7288877e-003
  3.1629609e-002
  9.2626385e-003
 -3.8499166e-002
 -3.1929000e-002
 -1.8492106e-002
 -7.3931105e-003
  8.0586732e-003
  6.9735351e-003
  6.3912601e-002
  9.3254727e-003
 -2.2180233e-002
 -1.8726466e-002
 -1.8030226e-004
 -1.6069415e-002
 -2.5523777e-002
  4.3552451e-004
  3.4507588e-002
 -2.1644299e-003
 -1.7004252e-002
 -6.4613482e-003
  1.7547801e-002
 -1.8030226e-004
 -1.8030226e-004
 -1.8030226e-004
  3.0300870e-002
  1.6529969e-002
 -1.8030226e-004
 -1.8030226e-004
 -1.7471799e-002
  2.0913481e-002
 -1.8030226e-004
 -7.9906096e-003
  8.3887304e-003
  9.5670754e-004
 -3.8204761e-002
  1.1958898e-003
 -1.8020220e-002
 -8.2124740e-003
 -2.1576941e-002
  2.4235967e-002
  5.6319197e-003
 -4.9880039e-003
  1.0008578e-002
  3.8612205e-002
 -1.3655001e-002
 -2.1201671e-003
  3.2296287e-002
  1.8442210e-002
  7.4178171e-004
  2.2599726e-002
 -5.4192268e-003
 -2.2340352e-002
 -1.8030226e-004
 -3.1021408e-002
 -1.8879642e-002
  1.5458592e-002
 -4.0190786e-003
 -2.1954102e-002
  2.3514728e-002
 -1.7169910e-003
 -5.3841302e-003
 -1.1469529e-003
 -1.9712173e-002
 -4.7271125e-003
  1.5156216e-002
 -1.9089670e-002
  3.9009819e-002
  1.8572023e-002
  7.4840029e-003
  2.9902671e-002
  3.1127840e-002
  3.2891951e-002
 -1.5891008e-002
 -2.9379738e-003
 -4.1578259e-003
  1.0848588e-002
 -4.4739972e-003
 -2.4571755e-002
  1.0171576e-002
  2.6086136e-003
  2.8135618e-002
 -6.9714999e-003
  2.1724533e-002
 -3.0176571e-003
  1.9022407e-002
  1.8660600e-002
 -2.5601257e-002
 -2.8244949e-003
 -1.3171824e-002
  1.3307539e-002
 -1.8030226e-004
 -1.8030226e-004
 -1.7531421e-002
 -2.4368161e-002
 -7.4480277e-003
  1.0346592e-003
  1.7259456e-003
 -8.8744972e-003
  9.2061737e-003
 -7.9962344e-003
  1.4704016e-002
  2.0561686e-002
  2.5074405e-002
 -3.8646583e-002
 -9.6022135e-003
  1.2305963e-002
 -1.7843455e-002
 -1.0457285e-003
 -3.0773405e-002
 -3.8580070e-002
  3.5234056e-003
 -7.6014866e-003
  2.3194278e-002
 -1.8030226e-004
 -2.1694417e-002
  8.8862784e-003
 -3.6451521e-004
 -3.5019514e-003
  3.9680047e-002
 -1.5032503e-002
 -8.6894511e-003
  2.1403270e-002
  8.6771515e-003
 -7.0823738e-003
  3.5232092e-004
  7.5990863e-003
 -2.4724659e-003
  1.0545924e-003
  3.9060754e-002
 -4.7678560e-003
  7.4539701e-003
  3.8676034e-003
 -1.0841203e-002
 -1.1472124e-002
 -2.7034575e-002
 -1.5952300e-003
 -1.3364174e-002
 -6.6574750e-003
 -1.2639217e-003
  1.2924634e-002
 -1.4008304e-002
 -1.2919328e-002
  6.2094958e-003
  3.4527625e-003
 -2.7755579e-002
 -4.3607427e-002
  3.1057267e-002
 -1.8030226e-004
 -1.1756482e-002
 -6.1986668e-002
 -3.4256908e-002
 -3.3285301e-002
  3.1873724e-002
 -1.2323803e-003
  1.8796391e-002
  7.8436066e-003
 -6.3468172e-003
 -3.7999935e-002
 -3.5707630e-002
  2.1330624e-002
  1.5975138e-002
 -2.4402940e-002
 -1.5178378e-002
 -2.2880456e-002
 -2.5037738e-002
 -1.2136839e-002
 -4.9241729e-002
  1.6036270e-002
  4.5552840e-002
  2.4199930e-002
 -2.9227987e-002
 -6.6670043e-002
 -2.0383009e-002
  5.5389549e-002
 -2.8075431e-002
  1.0924069e-002
  9.1218166e-002
  5.0048596e-002
  4.0705011e-003
 -3.0322519e-002
 -1.5599110e-002
 -4.8382404e-002
  6.6713933e-002
  2.5533268e-004
  2.7312839e-002
  1.6626816e-002
 -1.9108312e-002
  1.9788832e-002
 -1.3800209e-002
  1.4479646e-002
 -3.3036781e-003
  3.1633566e-002
 -2.3686750e-002
  2.4941003e-002
 -1.3990432e-002
 -1.2526138e-002
 -8.4963585e-003
  1.2061785e-002
 -5.0291198e-002
  1.0388113e-002
 -4.6959535e-003
 -2.7489481e-002
 -7.2262897e-002
  3.2371454e-002
 -1.4101641e-002
  4.0342582e-002
 -1.7150955e-002
  3.4139540e-002
  2.8082449e-002
 -4.7364040e-002
 -1.5350977e-002
 -1.7786586e-003
 -1.5609508e-002
 -4.0190373e-002
 -3.4581729e-002
  2.4999997e-002
 -6.0987778e-002
 -6.6585850e-002
  1.4113509e-002
  7.9022281e-002
 -1.6449090e-002
 -6.6394581e-002
  2.6033873e-002
  3.2876223e-002
 -5.0455439e-002
 -3.0485651e-002
  1.1222964e-002
 -2.6235845e-002
 -6.6783589e-002
  4.8667651e-002
  8.7986143e-002
 -1.5105952e-002
  6.2022653e-002
 -1.0324949e-002
  4.3462081e-002
  6.3866677e-003
  3.6706688e-002
 -5.9870781e-002
 -8.3680534e-002
 -2.1159140e-002
  3.1525375e-002
  2.6663415e-002
 -6.2039131e-002
  3.9547828e-003
  4.6052064e-002
  1.6232728e-002
  3.8593084e-002
 -1.5711676e-002
 -2.0841667e-002
 -6.6782807e-002
 -5.9822249e-003
  1.6580634e-002
  2.5906965e-002
 -2.3274776e-002
  3.1636310e-002
 -2.5515325e-003
  1.2662228e-002
  1.2756489e-002
 -9.7373943e-003
  2.7211658e-002
  2.5936246e-003
 -1.6923994e-003
 -2.4690081e-002
  3.9348533e-002
  2.3010886e-003
  8.4563954e-003
  7.1636720e-003
 -3.4923250e-002
  3.4562646e-002
 -2.7125450e-002
 -6.9685119e-003
 -4.2169728e-002
  3.5482392e-002
 -1.7046928e-003
 -2.3850046e-002
 -2.0696540e-002
  3.1726170e-002
 -1.6006291e-002
 -7.7633096e-002
 -4.6290789e-004
  1.6914131e-002
 -1.6709604e-002
 -1.8030226e-004
 -1.8030226e-004
 -1.8030226e-004
 -4.7615452e-002
  2.8434789e-002
 -1.8030226e-004
 -1.8030226e-004
  1.0673341e-001
 -2.0034664e-002
  1.5526827e-002
 -3.3186598e-002
 -4.9144978e-002
  3.7589262e-003
  2.0662470e-002
  7.4909682e-003
  1.0137465e-002
 -1.9545424e-002
  3.5262336e-002
 -2.5484478e-002
  1.4434302e-002
 -6.3789477e-003
 -3.8482270e-002
 -1.7463633e-002
 -2.0097254e-002
 -8.9651319e-003
  2.0198860e-002
  5.0666207e-002
  1.4771723e-002
  4.0015485e-002
  6.7937670e-003
 -6.7795193e-002
  4.2677625e-002
 -2.6648897e-002
 -3.2392309e-002
  2.1683029e-002
  2.6826470e-002
 -5.4662092e-002
 -3.3364125e-002
  3.4128380e-002
 -3.5586839e-003
  2.5983172e-002
 -2.8037257e-002
  1.9123697e-002
  4.7434859e-002
 -1.9924807e-002
 -1.9498002e-002
 -3.2283547e-002
  3.9585816e-002
  1.1205020e-002
 -3.9610251e-003
 -3.2906996e-002
 -1.9943791e-002
 -3.1165842e-002
 -3.0033265e-002
 -1.2682371e-002
 -7.6675051e-002
 -5.2188623e-002
  4.5514657e-002
 -1.6987420e-002
  5.7768760e-002
  3.9950475e-002
 -7.5831739e-003
 -7.0147495e-003
  3.7144312e-002
 -4.7844974e-002
  3.2660320e-002
 -3.2706013e-002
  4.4922247e-004
 -3.3127469e-002
 -5.1901587e-002
  6.3054689e-003
  4.0165227e-002
 -3.4536276e-003
  4.6265195e-002
  6.1713881e-002
 -4.5006576e-002
 -7.2823856e-003
 -2.9104041e-002
  2.0341334e-002
  3.1500035e-002
  4.0493113e-003
 -2.9859702e-002
  2.4966684e-002
 -1.8030226e-004
 -1.8030226e-004
  2.4645259e-002
  3.2371250e-002
 -2.7134549e-002
 -8.6657691e-002
  3.5374804e-002
 -4.2807118e-002
  1.5820039e-002
 -1.8030226e-004
 -2.8514458e-002
  2.1145223e-002
  3.2836374e-002
 -6.6970050e-003
 -2.6041094e-002
  3.7441690e-002
 -2.4157786e-002
 -2.3455703e-002
  7.8697172e-004
 -8.5945914e-003
  2.0920571e-003
 -4.9700304e-002
  3.2210615e-003
  1.3980420e-002
  3.3073791e-002
 -2.5099624e-002
 -8.5150730e-003
 -1.2305745e-002
  8.3578584e-004
  1.5816449e-004
  3.8324289e-002
  3.5326386e-002
 -1.0287779e-002
  2.7373100e-002
 -3.4422693e-002
  2.6933591e-002
 -1.2070304e-002
  1.6674030e-002
  3.6883479e-002
  1.2856920e-002
 -9.0508513e-003
  3.5699294e-002
  2.5001394e-002
  1.8915338e-002
 -1.2037603e-002
 -2.9580819e-003
 -2.6675651e-002
  7.7856004e-003
 -3.0677487e-002
  3.2581249e-002
  2.4670900e-002
  1.4874040e-002
 -2.2153172e-002
  2.6940933e-002
  2.2004224e-002
 -1.1344692e-002
  1.2832762e-002
 -3.6162777e-003
 -1.8887422e-002
 -2.5588034e-002
  2.9534301e-002
  1.1303333e-002
 -1.0590112e-002
  7.3043624e-003
 -2.8815430e-002
  5.0130946e-003
 -3.6547946e-002
  9.3864561e-003
 -6.0783674e-003
  2.2104743e-002
  1.3499802e-002
  1.2778843e-002
 -5.0203225e-003
  1.3472701e-002
  1.4861544e-002
 -9.6636283e-004
 -5.4365562e-003
  1.6625309e-003
 -8.1021816e-003
 -9.5025166e-003
  9.1419120e-003
 -3.1007876e-003
  1.9304253e-002
  2.8859385e-002
  3.6377294e-002
  3.1072242e-002
  5.0132882e-003
  6.1570033e-003
  5.8845635e-003
  4.5282072e-002
 -9.3331734e-003
 -1.7827819e-002
 -7.2814660e-003
  1.3064925e-002
  7.7284498e-003
  4.9830272e-003
  2.9382848e-002
 -3.4465001e-003
  3.0858955e-003
  1.2134859e-002
 -1.9038561e-002
 -8.0889551e-003
 -3.2455627e-002
 -2.4155632e-002
  2.4478166e-002
 -1.4625125e-002
 -3.4187969e-003
  1.2253660e-002
  9.8379967e-003
  1.1531544e-002
 -2.6497610e-002
 -4.2919843e-002
 -2.8899725e-002
 -3.5359809e-002
  1.5048419e-002
 -3.7129832e-003
 -1.6981371e-003
 -2.3487798e-002
  2.8681362e-002
 -2.9041966e-002
  4.4417917e-002
  5.9963696e-003
 -1.8825963e-002
  2.8264652e-003
  4.9122020e-002
 -1.0954978e-002
  1.9603444e-002
  1.7366060e-002
  9.9720687e-003
  7.3669033e-003
 -1.8343809e-002
  1.9349325e-002
 -4.0785943e-004
 -2.2270478e-002
 -5.0782713e-003
 -1.8585730e-002
  1.7757399e-002
  3.0910285e-002
 -2.4974961e-002
 -4.1397811e-003
  1.2343053e-002
  2.8445006e-002
 -3.3207266e-003
 -2.2043669e-003
  4.5361579e-003
  1.3869207e-003
 -3.0928170e-003
 -1.7521001e-003
  1.6091092e-002
 -3.0586393e-003
 -1.2895648e-003
 -3.1750004e-002
 -8.4619231e-003
 -1.7892254e-002
 -1.2958517e-002
 -5.6728534e-003
  2.1142467e-002
  9.6168369e-003
 -1.4441210e-002
 -5.1372344e-003
 -1.9533433e-002
  1.1333378e-002
 -4.4824122e-003
  3.1643244e-002
  1.3415944e-002
 -1.7262897e-002
 -8.5974668e-003
 -1.3549765e-003
 -9.6277037e-003
  2.7205845e-002
  1.1982785e-002
 -9.3462693e-003
  9.2137409e-003
  2.7799640e-003
  1.0899517e-002
  2.7387522e-003
 -2.5383134e-002
 -1.3306533e-003
 -1.8030226e-004
 -1.8030226e-004
 -1.8030226e-004
  1.3083098e-002
  2.7685487e-003
 -1.8030226e-004
 -1.8030226e-004
  1.1081078e-002
 -8.5015018e-003
 -4.5926324e-002
 -1.6146327e-002
  7.7154200e-003
 -1.6034586e-002
 -6.2519664e-003
  1.5234829e-003
  3.2829153e-002
 -8.4496938e-003
  2.4888365e-002
 -2.5248969e-002
 -1.2113618e-002
 -4.5113967e-003
  5.1107153e-003
 -9.8212543e-003
 -4.5492413e-003
 -4.2358167e-004
  6.1258064e-003
 -1.6757961e-002
 -5.6030417e-003
 -1.9119045e-003
 -3.5200885e-002
  5.4448723e-003
 -9.9164796e-003
  1.5149584e-002
 -5.5190718e-003
 -1.6369786e-002
  8.5894212e-003
  1.3845173e-002
  1.8434778e-003
 -1.5972785e-002
  9.2742207e-003
  7.3988901e-005
  9.6869504e-003
 -2.0269980e-002
 -9.5121326e-004
 -2.2536315e-002
 -6.5094374e-003
  2.4617072e-003
 -2.8223118e-003
  1.5828438e-002
  3.2853043e-002
 -9.2896770e-003
  2.6119320e-003
 -1.0115424e-002
  8.7403635e-003
 -3.1364378e-002
 -3.5892475e-003
 -4.1746817e-002
  6.4082821e-004
 -1.7567245e-002
  2.3221319e-003
  1.9072218e-002
 -2.3328208e-002
  3.7711136e-004
 -3.3899320e-002
 -7.5683730e-004
 -9.4503571e-003
  2.1412591e-002
 -5.0339878e-003
  2.6924689e-002
  3.7664568e-004
 -1.0815723e-002
  1.1011757e-002
  1.2537591e-002
  5.8454623e-003
 -1.5313346e-002
  1.2049313e-003
  1.3021210e-002
 -1.8030226e-004
 -1.8030226e-004
  1.9032845e-002
 -9.8760421e-003
  4.6793185e-003
  1.2132487e-002
  4.3319814e-003
  4.8388603e-003
  4.5515677e-003
  1.9041069e-002
 -7.1507707e-003
 -6.4173288e-003
 -9.6093926e-003
 -1.7701324e-002
 -1.9924013e-002
  3.6364962e-003
  1.6282086e-002
 -5.2789314e-003
  2.2380786e-003
 -2.9041548e-002
 -2.1158760e-003
 -3.5103592e-002
  1.3483446e-002
 -9.2686920e-003
  1.8474846e-002
 -1.2294832e-002
 -1.3591831e-002
  6.9758754e-003
  2.2938856e-002
 -2.4441012e-002
 -5.0464920e-003
  1.2366198e-002
 -9.2893889e-003
  1.6269303e-002
  3.1895408e-003
  1.2204543e-003
  1.2184950e-003
 -1.5108054e-002
  4.3497168e-003
  7.6981853e-003
  5.1306815e-003
  8.4248861e-003
 -8.5067451e-003
 -1.3648519e-002
  9.6581467e-003
 -1.1149333e-002
 -1.8157673e-002
  1.0132021e-002
 -3.8919411e-003
 -1.1109373e-002
 -1.2986065e-002
  1.5756244e-003
 -7.2225849e-003
 -1.1433012e-002
  1.6358764e-002
  5.0782550e-003
  1.0542884e-002
 -4.6861133e-004
  9.7243564e-004
 -1.1185336e-002
 -1.8103508e-002
 -4.6372997e-003
  2.4962792e-003
 -4.9436337e-003
 -1.3746888e-003
 -7.6777133e-003
 -1.2294321e-002
  7.4081390e-003
 -1.4494541e-002
 -1.4702417e-002
 -4.5471215e-003
  9.4635740e-003
  7.2225693e-003
  1.1429972e-002
 -8.4158224e-003
  8.3589384e-003
 -7.8011287e-003
  1.4400758e-002
  2.5301345e-003
  1.8589801e-002
 -4.6175230e-003
  7.7925732e-003
  5.6848172e-003
 -2.0263670e-002
 -4.3656597e-003
 -2.6897131e-002
 -2.0697030e-002
  4.4764125e-004
 -1.9512230e-002
 -4.9918593e-003
 -1.2799787e-002
  1.1474087e-002
  6.8755320e-003
 -1.4594838e-003
 -8.8578435e-003
 -3.0896304e-003
  2.7594827e-002
  1.0779570e-002
  3.5498854e-003
  8.7772866e-003
 -6.9683568e-003
 -1.4524171e-002
 -9.0131673e-003
  8.0242246e-003
 -1.7528769e-003
  6.0952125e-003
  7.2986980e-003
  4.1567553e-003
 -9.4971399e-003
  3.5568556e-003
  1.2483960e-002
  2.8263370e-002
 -4.9650004e-003
 -2.3839276e-002
  1.9659502e-003
 -1.0648378e-002
  3.8351471e-003
 -2.9585106e-003
 -1.3874883e-002
 -1.0259127e-002
 -1.7643356e-003
 -1.5838075e-002
 -8.2463218e-004
  1.1035967e-002
 -1.2686478e-002
  1.7728715e-002
  1.6790564e-002
 -3.6140500e-003
  7.5668315e-002
 -6.8692905e-003
 -1.1035624e-002
 -7.8794816e-003
 -9.1382601e-003
  2.9081428e-002
 -1.0545556e-003
  5.6336676e-003
  6.8888510e-004
  2.4420481e-002
 -9.2635325e-003
 -5.0395372e-003
 -2.0441487e-002
 -1.6095757e-002
  8.3983629e-003
  1.1532863e-002
  1.8279986e-002
 -5.0506743e-003
  1.6904396e-002
  1.9943351e-002
 -3.1090321e-002
 -1.2816886e-002
  1.3026895e-002
 -4.6556827e-004
  1.2452147e-003
  1.0305836e-002
  7.6826981e-003
 -3.2619688e-003
 -8.3505126e-003
 -9.2738574e-003
  1.5310501e-003
  1.0463862e-004
 -9.0514436e-003
 -9.7110604e-003
 -8.9241645e-003
 -2.8184395e-003
  6.8393229e-003
 -1.0550654e-003
 -4.7206010e-004
 -9.5617842e-003
  5.1076066e-003
  9.7323153e-003
 -3.3765857e-003
 -1.4543732e-002
  1.2948418e-003
  9.5014515e-003
 -8.6835056e-003
 -7.8658264e-003
  7.2107143e-003
 -1.6541419e-003
 -2.5429732e-003
  3.0669330e-003
 -9.6562394e-003
 -9.4465471e-003
  5.2105463e-003
  1.8462049e-002
 -4.5875373e-003
 -1.8030226e-004
 -8.7564306e-003
 -6.7357489e-003
 -3.1743165e-003
 -1.8030226e-004
 -1.8030226e-004
  2.0591958e-002
  2.3903264e-002
 -7.5386121e-004
  2.9216953e-002
  1.7676599e-003
  5.6409200e-003
 -7.1141811e-003
 -1.2501936e-002
 -2.7194488e-003
 -2.4427467e-003
 -1.3134469e-003
  1.6404758e-002
  1.4910073e-003
  6.5430622e-004
 -5.1984338e-003
 -7.1919703e-003
  1.3794213e-002
  1.4835916e-003
 -7.6897243e-003
  9.3576924e-004
  2.5966777e-002
  1.5453440e-002
 -1.2559362e-002
 -1.4361069e-002
  2.2884961e-003
  2.1500764e-002
 -3.9407150e-003
 -4.7656104e-003
 -3.1585095e-003
  1.3553588e-002
  2.5952900e-002
 -4.0962452e-003
 -1.0962786e-002
  5.0939715e-003
 -3.0777098e-003
  1.6644736e-003
 -1.1566629e-002
 -1.0351696e-002
 -8.0128879e-003
  6.0367741e-003
  6.2661342e-003
  1.1001923e-002
 -1.2399050e-003
 -6.5616055e-003
 -3.3862896e-003
 -9.8340764e-004
 -2.6226267e-002
 -1.5556292e-003
 -4.8706130e-003
 -1.8409725e-003
 -2.9542292e-003
  4.8072392e-003
 -2.7356649e-002
 -3.5942459e-003
  9.4624270e-003
 -1.3099268e-003
  9.9406727e-003
  1.3708810e-002
  1.0247893e-002
 -1.8030226e-004
 -1.8030226e-004
 -9.2301378e-003
  8.3233836e-003
  2.8198363e-003
 -4.2736359e-003
 -1.0902054e-002
 -7.3324670e-004
 -4.6148994e-003
 -8.2684791e-003
  3.7325031e-003
 -9.7095224e-003
 -7.2454723e-003
 -2.1675279e-003
  3.5071221e-003
 -2.7154678e-002
 -3.4202220e-002
 -3.4960551e-003
 -5.3263709e-003
  8.8832039e-003
 -2.3918483e-002
  1.2367682e-002
 -1.3344429e-002
 -9.4682948e-003
 -8.6138991e-003
  1.1048762e-002
  7.8518694e-003
 -2.9533745e-003
  1.8163227e-002
  5.5590278e-003
  1.2688348e-002
 -3.4565524e-003
 -1.0375293e-002
 -7.8325676e-004
  1.7752037e-002
  1.1012746e-002
  1.2831840e-003
  2.4485878e-003
  1.3724905e-002
  2.0885094e-002
  5.1575387e-003
  9.9849021e-005
 -8.9016967e-003
 -6.7005238e-003
  1.2256263e-002
 -5.8141200e-003
  7.6981853e-003
  1.4998997e-003
  2.4962617e-002
 -7.2615380e-004
 -8.9546937e-003
 -2.1100066e-003
  1.1887864e-002
 -7.2570724e-004
 -8.9474817e-003
  1.1310933e-002
  7.6777520e-003
  1.1683156e-003
 -5.8567603e-003
  1.7818841e-002
 -3.6474347e-003
 -5.2693718e-003
  1.4216108e-002
  1.4794364e-002
 -7.0195068e-004
 -8.0378598e-003
 -9.4261745e-003
  9.3284857e-003
  6.1090266e-003
 -1.2269805e-002
  1.3996885e-002
  3.2029150e-003
  1.6367001e-003
  5.2509796e-003
 -2.2875942e-002
  2.2773236e-002
  3.1044471e-002
  2.0597096e-002
 -2.8987857e-002
  1.3581957e-002
  8.7262385e-003
 -4.2663802e-004
  8.6497771e-003
  1.5087170e-002
  1.9348778e-002
 -4.9084435e-003
  1.9761708e-002
  3.0664538e-003
 -5.7526408e-003
  1.9188530e-002
  2.1729101e-002
 -1.6623966e-002
  4.3517698e-003
  1.1753238e-003
  1.1734885e-003
 -7.1946992e-003
  6.3830346e-003
  9.0260050e-003
  7.1685783e-003
 -1.4707320e-002
  7.1978781e-004
 -3.1085621e-003
 -1.0839208e-002
 -9.5721936e-003
 -5.0251612e-003
  1.7243339e-002
  1.8953653e-002
 -7.7900078e-003
 -1.3296727e-002
 -1.3240403e-002
 -1.0845833e-002
  5.2770811e-005
 -1.3789146e-002
  9.6928385e-003
  9.8860494e-004
 -8.8627457e-003
  2.9083282e-002
  6.4354399e-003
  2.1857918e-002
 -8.4778476e-004
  3.1526638e-003
  1.8141582e-003
 -2.3473628e-002
  9.9652027e-003
 -1.5271039e-003
  2.9256370e-002
 -1.2714099e-003
  3.0353139e-002
  1.8284343e-002
  4.1556035e-002
  3.3348964e-002
 -6.1758719e-003
 -1.1507050e-003
  4.0824439e-003
 -2.7423535e-002
  1.6957909e-002
  3.9128717e-003
  4.9156207e-002
 -4.5827844e-002
 -2.9481386e-002
 -6.7875943e-003
 -2.1293551e-002
 -1.0013204e-003
 -1.3617197e-002
 -1.0220127e-002
 -3.1276729e-003
 -5.4651682e-003
  2.9939676e-003
 -1.6797642e-002
 -7.7275079e-003
 -1.2156493e-002
  1.4605790e-002
 -1.1685910e-002
  2.0135936e-002
 -3.3683544e-002
 -1.3992061e-002
  1.9147191e-002
 -4.5904528e-003
 -6.2238892e-004
  7.5281380e-003
 -5.2391496e-003
  2.3785987e-002
  1.0526438e-002
 -2.0187423e-002
 -2.7718114e-002
  1.8846821e-002
 -8.5430271e-003
 -9.5054143e-003
 -8.6928985e-003
 -3.1092218e-003
 -3.5705191e-003
  1.0404190e-002
 -5.1208019e-003
 -5.1453317e-003
 -4.7154575e-003
 -2.4556161e-003
  2.0950115e-003
  8.8695332e-003
  3.1923822e-003
  2.4868109e-002
  1.8256399e-002
 -2.5471673e-003
  1.9716245e-003
  1.1086345e-003
  3.4359111e-005
  3.8895330e-003
 -7.6902614e-003
 -4.0646404e-003
 -6.6879175e-003
 -6.9496261e-003
 -1.4080140e-002
  5.5795718e-003
 -8.3870690e-003
 -7.7815014e-003
 -8.2921088e-003
 -1.8030226e-004
 -1.8030226e-004
  1.5532704e-002
  1.5998495e-003
  9.3068554e-004
 -9.5511875e-003
  1.0743895e-002
  2.1750401e-002
 -8.8949544e-003
 -1.0960299e-002
  2.9115730e-003
  1.0130198e-002
  5.6950274e-003
  3.1636196e-002
  1.2898229e-003
  4.4909040e-004
 -1.4331980e-002
 -7.4390874e-003
 -1.2468912e-002
  9.7485511e-003
 -1.8167568e-002
 -3.9047014e-003
  1.1168576e-002
  1.5537537e-002
  4.3500239e-002
  2.6785928e-003
  4.0927737e-003
 -9.3593571e-003
  2.5111891e-002
 -1.4265042e-002
 -5.8702181e-003
  1.1771628e-002
  1.0634945e-002
 -1.0592891e-002
  1.8564015e-002
  9.0052537e-002
  5.0327485e-002
 -6.7230254e-003
 -1.2870607e-002
  9.5690785e-003
  2.5137506e-002
 -4.5818669e-003
 -1.1956187e-002
  1.3121395e-002
 -1.8757927e-003
  1.0068428e-003
  9.9378277e-003
 -1.6077813e-002
 -1.9458007e-002
 -3.7720121e-002
  2.1626744e-003
  2.5587450e-002
 -6.3395827e-003
 -2.4480229e-002
  7.2077843e-003
  4.8340349e-003
  2.6737845e-003
  2.6534819e-002
  1.1201093e-002
 -3.0995110e-003
  6.7917351e-004
  1.3471787e-002
 -8.1783029e-003
  4.4100593e-002
  1.4528844e-003
  1.3595137e-002
 -9.5594137e-003
 -8.3369544e-003
  3.4168239e-003
  1.8094647e-002
 -1.6236511e-003
  2.6424593e-002
  2.0084913e-002
 -1.2352088e-002
 -7.8050183e-003
 -1.6082393e-002
  1.0710817e-002
 -2.4009865e-002
  7.9856225e-003
 -2.8948748e-003
 -1.8030226e-004
 -1.8030226e-004
 -1.6299284e-002
  1.0004896e-002
  2.6483712e-002
  2.9471436e-003
 -5.8167663e-003
  1.5862406e-002
  4.9056299e-003
 -5.5753058e-003
 -5.5630929e-002
 -1.8030226e-004
 -8.3400387e-004
 -1.4505072e-002
 -2.6221253e-002
 -4.4447011e-003
  3.2326703e-003
  4.3649091e-002
 -2.3022324e-003
 -1.2180117e-002
 -3.5183034e-002
 -3.0256450e-002
 -8.8659902e-003
 -3.2015148e-002
 -8.1146552e-003
 -5.5087851e-004
 -8.7416797e-003
  3.4717638e-002
 -9.6109126e-003
  1.7340240e-002
 -1.8030226e-004
  3.2158937e-003
 -2.2190933e-002
  8.7183308e-003
 -3.9843101e-003
 -5.4573594e-003
 -2.2317343e-002
 -2.9903266e-002
 -3.4523676e-003
 -8.6992309e-003
  1.9076985e-002
 -1.3621365e-002
  1.5579888e-003
 -2.1044859e-002
  4.9969482e-002
 -1.1677931e-002
  1.3750646e-002
  3.3654698e-003
 -2.0884975e-002
  6.2652176e-003
  1.2027569e-002
 -6.7352466e-003
 -1.8766083e-002
  3.2594106e-003
  2.2453633e-002
  2.2135055e-002
  6.5451616e-003
 -1.2678500e-003
 -2.2368798e-002
  8.8645217e-003
 -3.1247284e-003
 -2.9485979e-003
 -1.6577166e-002
  8.0517367e-003
 -8.7881399e-003
 -9.0524700e-003
 -8.5581122e-003
 -1.4430495e-002
  3.3197451e-002
 -2.0578845e-003
 -1.8769608e-002
  3.9055139e-002
  1.2623970e-002
 -7.1108425e-003
  8.4189106e-002
 -8.2870854e-003
 -3.9179893e-003
 -1.2511337e-002
  1.3851414e-002
 -5.2910460e-003
  1.0860150e-002
 -1.4642485e-002
  1.5969645e-002
  3.1520967e-002
  2.4302392e-003
  1.1224173e-003
  1.1468430e-002
 -1.3068816e-003
  5.1196378e-003
  1.6813675e-002
  5.0030911e-003
 -6.3090242e-003
 -1.7190489e-002
 -4.5187039e-003
  1.1347203e-002
 -6.4078673e-003
 -4.6754134e-003
  5.4354365e-003
  6.1993047e-003
 -8.9627939e-003
  1.5099320e-002
