   1.3930076e+00
   1.2243624e+00
   2.2782061e+00
  -6.4437652e-01
   8.5873970e-01
   5.5025521e-01
   3.1866336e-02
  -1.8896598e+00
  -2.5869257e+00
  -6.9076898e-01
  -3.3007432e-01
  -8.0108936e-01
   5.6161969e+00
  -2.0345756e-01
  -2.5951736e+00
   1.5301404e+00
  -6.0471742e-01
   1.0002816e+00
   9.8016750e-01
   9.6083324e-01
   1.1792629e+00
  -3.3742745e-01
  -8.9336091e-01
  -8.3496146e-01
   1.4262987e+00
  -8.3695355e-01
  -1.6350196e+00
   1.4571300e-01
   2.3239957e-01
   1.5679546e-01
  -6.0360865e-01
  -3.5717109e-01
  -2.1974076e-01
   1.4826062e+00
  -5.9928966e-01
  -1.8307559e+00
  -4.0606270e-01
   8.8560967e-01
  -1.8391941e+00
  -1.1002650e-01
  -1.2672678e+00
  -1.1253363e-01
  -2.0057347e+00
   3.0105438e+00
   2.3316475e+00
  -1.4395290e+00
   5.8251297e-01
  -1.0647379e+00
   4.8938640e-02
   1.4415119e+00
   2.1322695e-02
   1.3245626e+00
   5.6651557e-01
   6.4521635e-01
   2.5021440e-01
   4.3398066e-02
  -1.4166476e+00
  -1.4309679e+00
   3.1457544e-01
  -1.4451351e-01
   2.2449356e-01
   5.7571006e-01
   7.2971381e-01
  -5.5132059e-01
  -1.7175154e-02
  -1.7175154e-02
   4.7988727e-01
   8.4107154e-01
   8.5062045e-01
  -1.9673909e-01
   6.8036626e-03
   1.2376646e+00
  -1.9286226e-01
   6.2851716e-03
  -1.9339408e-01
   2.3394539e+00
  -1.6725917e+00
   2.0966398e+00
   1.4526008e+00
  -9.2903698e-02
   7.6703190e-01
  -2.3081692e-01
  -8.3736617e-01
   6.9791346e-02
   4.5430682e-03
   3.7216256e-01
   1.1120636e+00
  -6.6392923e-01
   5.6633015e-01
  -1.2276629e-01
  -1.5477485e-01
   3.7347299e-01
  -9.4057829e-01
  -1.7175154e-02
   6.5317953e-01
  -1.1935017e+00
  -1.1330155e+00
  -8.8743366e-01
  -8.7980777e-01
   3.7056377e-01
  -1.7175154e-02
  -1.2942034e+00
   1.2143912e+00
  -9.0039880e-01
  -7.0455082e-01
   3.5680055e-01
   1.4557153e-01
  -2.8782522e-02
  -1.7175154e-02
  -2.0325717e-01
   1.7009737e+00
   9.3108303e-01
  -1.0566705e-01
  -1.1819213e+00
   1.4346040e+00
   3.1200019e-01
  -1.7175154e-02
   8.0724838e-01
   7.7281257e-01
  -1.2321014e-01
   2.0826723e+00
   5.6994681e-01
  -8.2879818e-01
  -5.8283770e-01
   1.3772650e-01
   9.4286075e-01
   3.8587415e-01
  -2.9897122e-01
   1.2386937e+00
   5.8950178e-01
   5.9190381e-01
   2.1293438e-01
  -8.4182088e-02
   5.9217202e-01
  -5.0215162e-01
  -9.5264849e-01
  -1.5363582e-01
   1.8040278e+00
   4.3270124e-01
  -2.0413638e-01
  -2.0483179e-01
  -1.2253655e+00
  -5.3979198e-01
  -7.5579283e-02
   1.8284065e+00
  -1.9309805e+00
   1.1918014e-01
  -4.7640504e-01
  -1.0785144e+00
   7.4883778e-01
   7.3738101e-01
   1.0911134e-01
   8.4855220e-01
  -1.1455443e+00
  -7.5726141e-02
  -1.7175154e-02
  -1.2026950e+00
   1.8235617e-01
   7.7315122e-01
   5.6754951e-01
   9.0451311e-01
  -2.0780991e-01
  -1.0884939e+00
  -2.1264781e-01
   4.6039433e-01
   9.6268156e-01
   3.3361135e-01
   3.8745472e-01
  -2.6144698e-01
   6.9355181e-01
  -1.8460261e-01
  -1.6649471e+00
   6.7120067e-01
  -1.1017811e+00
   6.8615988e-01
   4.5896493e-01
   3.9814297e-01
   7.8484226e-01
   1.6123405e+00
   1.0552627e+00
  -1.0806558e+00
  -6.7526619e-01
  -6.2882576e-01
  -6.8284412e-01
  -7.1061209e-01
   1.1947615e+00
   1.1162141e-01
  -1.1695511e+00
   1.3735256e+00
  -1.9180632e+00
   9.2358357e-01
  -1.2340677e+00
  -5.0648637e-01
  -7.2592428e-01
  -7.3986923e-03
   1.4472426e+00
   1.1096484e+00
  -7.4674134e-01
   5.8221772e-01
  -2.2241424e-01
   3.7392315e-01
  -1.1001918e-01
  -1.4211807e+00
  -6.6146976e-01
  -3.3756440e-01
  -1.1498561e+00
   1.3099238e+00
   5.3284108e-01
   1.7440065e-01
   1.0049484e+00
   3.6549407e-01
   9.4067555e-01
   5.0018684e-01
   5.4854048e-01
   4.5388010e-01
  -1.3231056e-01
   1.2091352e+00
   1.5421166e+00
   2.5060549e-01
   2.4537481e-02
   1.2439039e-01
   8.0761726e-01
   1.2192235e+00
   5.1485869e-01
  -7.6520688e-01
  -2.2605079e-01
   4.0769837e-01
   9.0827482e-01
   1.0376510e+00
   2.8128695e-01
  -2.1922433e+00
   4.9011764e-01
   3.4431638e-01
   1.4795060e+00
   8.5698647e-01
   4.0688270e-01
  -1.1408614e+00
  -3.2110034e-01
   2.3208186e+00
   2.4879951e+00
   2.4156672e+00
  -7.3478955e-01
  -9.7543834e-02
   6.3545274e-01
  -1.9871830e+00
   1.3002048e+00
   1.2797461e+00
   3.9918974e-01
   9.1999028e-01
   1.9859229e-01
  -1.0406956e+00
   2.6636919e-01
  -4.2886164e-02
   1.2651270e+00
  -1.7175154e-02
  -4.5153414e-01
   1.2748415e+00
   4.7342240e-01
   1.1888445e+00
  -1.7175154e-02
  -1.4311161e+00
  -2.0938132e+00
  -1.7581723e+00
  -6.3564765e-01
   1.9705724e+00
   2.9008444e+00
   3.2770014e-01
  -5.5060866e-01
   1.9019979e+00
   2.5392496e+00
   1.0859939e+00
  -2.1342510e+00
  -6.8731240e-01
   2.3041352e+00
  -1.7711969e-01
   1.3130098e+00
   4.6474621e-01
  -1.7175154e-02
   2.7108739e+00
   3.8511087e-01
  -4.1866725e+00
   1.7783628e+00
   3.5296436e-02
   2.6934771e+00
   2.9551041e+00
   4.4923686e-01
   2.3985745e+00
   2.4570012e+00
  -1.9061585e+00
  -4.5653549e-01
   1.4098466e+00
  -4.1592190e+00
   4.3326544e-02
   8.1316791e-01
  -1.6822978e+00
   9.1054256e-01
   6.2864147e-01
   4.5084696e+00
  -3.2821552e-01
   2.3185176e+00
  -2.4626092e+00
   1.4527719e+00
   7.7279878e-01
   1.1016162e+00
  -2.7469213e-01
  -1.2311873e+00
  -8.3754166e-01
  -1.8746478e+00
   1.7036456e+00
   1.0739308e+00
  -4.3624066e+00
  -1.0570975e-01
  -5.5414336e+00
  -2.1033356e-01
   2.4001511e+00
   4.5776222e+00
  -1.5517043e+00
  -3.6147981e+00
  -2.6737593e-02
   2.1770161e+00
  -1.6597193e+00
  -1.0058418e+00
  -8.7820004e-01
  -1.9321746e+00
   4.8483325e-01
  -2.7755071e+00
  -1.6253034e+00
  -1.5306360e+00
   4.1748037e+00
   1.6758125e+00
   9.4726026e-01
  -2.6433041e+00
  -1.2789886e+00
   7.5738354e-01
  -3.2960545e+00
   2.4711046e+00
   1.5414567e+00
   1.3132641e+00
  -1.7175154e-02
  -1.7175154e-02
  -1.7175154e-02
   5.7026415e-01
   1.4246032e+00
  -1.4589535e+00
   3.6406755e+00
  -1.7175154e-02
   1.9540657e+00
  -1.9605679e+00
   2.4661772e-01
   1.8095460e+00
  -9.3360062e-01
  -1.9439003e+00
  -2.6416954e+00
   2.9935283e-01
   3.1207607e-01
  -1.9381912e-01
   1.4697180e+00
  -2.1222625e+00
  -7.5399814e-01
  -8.2645123e-01
  -1.8989342e+00
   1.5919145e+00
  -6.0349444e-01
   1.2709725e+00
   4.6886344e-01
   1.8960216e+00
  -1.5805353e-01
   5.1511994e-01
   2.1129671e+00
   1.5905041e+00
  -7.1027437e-01
  -1.8058073e-01
  -9.3474938e-01
   5.8114290e-01
   1.6550425e-01
  -1.2492784e+00
   6.0494476e-01
  -2.1789543e-02
  -7.2819586e-01
  -1.5037323e+00
   7.0070020e-01
   1.1245318e+00
  -8.7456788e-01
  -6.0653439e-01
   3.0212367e-01
   2.0561068e-01
  -4.4465168e-01
  -5.4461363e-01
  -7.8944314e-01
   1.0722171e+00
   1.5531489e+00
   1.5102484e+00
  -2.8364856e-01
  -1.3989894e+00
  -4.9765013e-02
   1.0610060e+00
   7.3917095e-02
   2.5294459e+00
   1.4285968e+00
  -1.7175154e-02
   4.0151130e-01
  -4.3586161e-01
  -1.1523961e+00
   5.5575400e-01
  -8.7470287e-01
   1.5998598e+00
  -7.7668244e-01
  -1.5713764e+00
  -1.5167900e+00
  -1.5906845e+00
   1.3889393e+00
   3.6205885e-01
  -7.2831269e-01
  -2.3177128e+00
  -2.3727847e-01
   1.4572058e+00
   1.1338929e+00
   9.6109433e-01
  -3.4415763e-01
  -1.2913838e+00
   3.7762421e-01
  -9.0392659e-02
  -9.5085355e-02
   2.5726666e-01
   1.1907602e+00
   1.2407671e+00
   2.3847312e-01
  -5.6471541e-01
   1.5729179e-01
   7.6054489e-01
   3.3744108e-01
   3.3496592e-01
  -7.6682604e-01
   1.1535032e+00
   1.3641224e+00
   9.7653602e-01
  -3.3819065e-01
  -1.3799280e+00
   4.4391006e-01
  -2.0833629e+00
   9.1764645e-01
  -3.5779455e-01
  -1.1176980e+00
   7.0216487e-01
   5.1567808e-01
  -1.4075561e+00
  -1.0040530e+00
  -1.6939631e+00
  -2.2876045e+00
  -2.0260625e+00
   1.9296827e+00
  -5.9821454e-01
  -7.4198758e-01
  -1.0067416e+00
  -1.8695587e+00
   1.2258675e-01
  -1.7175154e-02
  -2.6322088e+00
   2.7372343e+00
  -6.7613772e-01
  -1.2168833e+00
   1.0832037e+00
  -1.5095056e+00
  -3.7961125e-01
   3.3429464e+00
  -1.5434666e+00
  -2.9098302e+00
  -2.1865498e+00
   3.4277172e+00
   1.1793997e+00
   2.0931282e-01
   7.8055433e-01
  -1.3591312e+00
  -1.6081300e-01
   7.8093124e-01
   1.0516631e+00
   8.7840574e-01
   5.3459582e-01
   5.1875536e-01
   5.3265611e-01
  -3.7978411e-01
  -1.9163111e+00
  -2.5996202e+00
  -1.5782158e+00
  -1.1495770e+00
  -1.1581789e+00
   2.3227086e+00
   4.4573579e-01
  -1.5996578e+00
  -7.9292749e-01
  -2.0343284e+00
   1.0600783e+00
  -7.3674244e-01
   1.7571239e+00
   1.5413813e+00
   8.9754378e-01
  -1.5022887e+00
   8.9128163e-01
  -2.3978545e+00
   2.0643514e+00
  -1.2546189e+00
   3.5015614e+00
   9.5064673e-01
  -1.0581910e-01
   1.5752949e+00
  -6.7768247e-02
  -4.2375681e-01
  -1.9255465e+00
  -1.3053667e+00
  -1.5684600e+00
   6.1793293e-01
   1.0618359e+00
  -3.6336227e+00
   7.9708752e-01
   1.5618517e+00
  -1.7175154e-02
  -1.7175154e-02
   4.2504465e-01
   6.3897059e-01
  -5.5216842e-02
  -1.7175154e-02
  -9.6658013e-01
   1.4568407e+00
  -3.2479031e-01
   6.9769751e-01
  -2.2039297e-01
   2.6070652e-01
  -1.4550355e+00
   1.3833671e+00
   1.0017603e+00
   9.1493153e-01
  -7.4065370e-01
   2.0929194e+00
   1.4728364e-01
   1.2940907e+00
  -4.4070968e-01
   2.6071427e-01
   4.4741682e-01
   4.8135133e-01
  -1.3560520e+00
  -2.4791726e-01
  -8.4068774e-01
   1.2960184e+00
  -8.3762154e-01
  -1.4611822e-01
  -5.8144207e-01
   1.1321628e-01
  -1.6769783e+00
   5.6435945e-01
  -1.6975709e+00
   3.1500350e-01
   3.2849154e-01
  -7.1618524e-01
   1.7201900e+00
  -1.8923279e+00
  -6.9567655e-01
  -1.5184104e+00
  -1.1660771e+00
  -7.0204669e-01
  -4.2901458e+00
   2.4839518e+00
  -1.6021533e-01
  -5.9342617e-01
  -1.1774504e+00
   1.4440520e+00
   1.4961856e+00
   1.9810494e+00
  -4.4439872e-01
  -5.6775592e-01
  -2.5929814e+00
  -2.4787086e+00
  -9.7212029e-01
  -9.9054480e-01
   1.5186181e+00
  -2.6592148e+00
   2.9684798e-02
   1.7772223e+00
  -2.4851664e+00
  -2.8985055e+00
   2.1470670e+00
   3.2968867e+00
   3.1046562e+00
  -2.0746850e+00
  -3.9698695e-01
  -1.5198340e+00
  -3.9828961e-01
  -2.9082711e+00
   1.9193579e-01
   2.8491556e+00
  -5.8553627e-01
   2.2152307e-01
   2.2211655e+00
   1.8097141e+00
   7.8803063e-01
  -1.7175154e-02
  -1.7175154e-02
  -2.4787086e+00
   3.6725539e+00
   4.4959287e-01
  -1.1032040e+00
  -1.0604148e+00
   1.4612758e-01
   8.6276172e-01
  -2.6293619e+00
  -4.3133100e-01
   1.9295664e+00
  -1.7175154e-02
   1.2283067e+00
  -1.1657515e+00
   5.3644817e-01
   1.6204858e-01
  -3.0423953e-01
  -9.3714032e-01
   1.1898544e+00
  -6.4905931e-02
  -8.9021527e-01
  -2.3248882e-02
   1.3253987e+00
   1.3251630e+00
   2.1267230e-01
   1.0885762e+00
   4.0174307e-01
  -4.2487696e-01
   6.4021804e-01
  -4.4517970e-01
  -2.0172307e-01
  -1.0015693e+00
  -1.7076638e+00
  -4.2050403e-01
  -1.1858933e+00
   3.8952207e-01
   1.1363580e+00
  -1.8290031e-01
   1.6036671e-01
   1.2354510e-02
  -1.0551106e+00
  -2.4115531e+00
   5.8606203e-02
  -8.6351397e-01
  -1.5614280e+00
  -1.9803034e+00
   8.4223186e-01
  -2.1937811e+00
   3.6268960e-01
  -3.3353016e-01
   7.2487394e-01
  -5.9728386e-01
  -1.6822484e+00
   1.5634723e+00
   5.7781910e-01
   4.1243719e-01
   9.3101236e-02
  -1.3637428e+00
  -2.4879017e+00
  -2.9997160e+00
  -1.6504646e+00
  -5.7357021e-01
  -6.9638704e-01
   2.5831519e+00
   6.1964358e-02
  -2.2814013e+00
   5.3394237e-01
  -1.3182038e+00
   1.3574277e+00
  -1.1823488e+00
   4.4053167e-01
  -3.7560282e+00
   7.4430347e-01
   2.1585708e+00
   1.3610473e+00
   7.5495199e-01
   1.4141670e+00
   1.0029039e-01
   6.8193204e-01
  -1.0695027e+00
  -5.3178814e-01
  -1.3668116e-01
  -1.2035627e+00
  -1.8719408e+00
  -4.8530649e-01
   7.4661211e-01
   2.4325241e-01
  -5.3938158e-01
  -2.1706267e+00
  -1.8892945e+00
  -6.8174803e-01
   1.6830825e-01
   8.9105765e-01
   8.2737691e-02
   3.4708724e+00
   3.4563457e-01
  -6.1764346e-01
  -5.7323722e-01
  -2.9753367e+00
   6.6234614e-01
  -1.6822692e+00
   2.3982726e+00
  -3.5993995e+00
  -2.0073404e+00
  -2.6597472e+00
  -6.8945065e-01
  -2.9114745e+00
   1.0356661e+00
  -1.4895954e-01
  -3.7357313e+00
   8.3964532e-01
  -1.2202748e-01
  -2.7119111e+00
  -4.5313170e+00
   1.8422802e-01
   3.2891108e+00
  -2.9726821e-02
   2.2052814e+00
   5.7989014e-01
  -7.4654848e-01
  -6.1079948e-01
  -1.7175154e-02
   1.4954007e+00
   4.0047161e+00
  -3.4044489e+00
   1.1944097e+00
   5.6097359e-01
   2.9803878e+00
   2.2670245e+00
  -1.6156679e+00
  -4.9090097e-01
   2.0448912e+00
   1.2857748e+00
  -1.0164439e+00
  -7.1839473e-01
   5.3243229e-01
   2.3362674e+00
   2.7736069e+00
  -6.6116639e-01
   2.5461029e+00
  -2.2482312e+00
  -2.8063015e+00
   1.8249146e+00
   5.1424091e-01
  -8.6826216e-01
   2.5121329e+00
   7.6313226e-04
   1.5977614e+00
   1.9502072e+00
  -9.1044242e-01
  -2.5987308e+00
   1.2377683e+00
   3.6355652e+00
   3.4040393e+00
   1.1081822e+00
   2.0491513e-01
  -1.2433817e+00
  -3.0559993e-01
   8.7312289e-01
   2.3646261e-01
   5.0103923e-01
   3.4974594e-01
  -2.6049951e+00
  -7.5370544e-01
   1.0645202e+00
  -2.1631571e-01
   9.4817730e-01
   4.7495909e+00
   2.5608985e-01
  -1.3635470e+00
  -1.4364369e+00
   1.5069389e+00
  -1.0399934e+00
  -1.6833465e+00
  -8.2643475e-01
   3.2009821e+00
  -4.4025041e-01
  -6.0834004e-01
  -1.0449116e+00
   1.9545348e+00
  -1.7175154e-02
  -1.7175154e-02
  -1.7175154e-02
   1.7107824e+00
   5.0727183e-02
  -1.7175154e-02
  -1.7175154e-02
  -1.5307134e-01
   2.4718907e+00
  -1.1441533e-01
  -1.0331200e+00
   3.1278958e-01
   1.1659946e+00
  -1.4773701e+00
  -2.0270728e-01
  -2.2845791e+00
   1.7686904e-01
  -2.6363126e+00
   2.6088787e+00
  -4.3384451e-01
  -1.3311623e+00
  -1.1242929e+00
   1.1971872e+00
   1.3258536e-01
   1.6053348e-01
  -1.2372520e-01
  -1.2043224e+00
   2.7319358e-01
  -8.5653112e-01
   5.1724968e-01
  -1.9318730e+00
  -7.4091511e-01
  -1.6865615e+00
   1.4985129e+00
  -9.5717045e-01
   2.0116052e+00
  -1.1829853e+00
   5.1954723e-01
   7.0221950e-01
  -1.6291302e+00
   7.6085298e-01
  -1.3258651e+00
  -8.9557685e-01
   1.3996507e+00
  -2.5478356e+00
   1.8965497e+00
   1.0633297e+00
   1.4681349e+00
   8.7263742e-02
   8.6925635e-01
   2.5175294e+00
   1.0508021e+00
   5.5229071e-01
   8.2514996e-01
   1.3045434e+00
  -5.6913013e-01
  -1.5551646e+00
  -1.0714732e+00
   4.9572078e-01
   1.0865149e+00
   5.8498033e-01
  -2.0168946e-01
  -1.7772091e+00
  -3.9457624e-01
   1.0729724e+00
  -8.6683195e-01
   5.2825101e-01
  -1.7175154e-02
   1.0563000e+00
  -1.7175154e-02
  -1.7175154e-02
  -1.8421411e+00
  -7.0322259e-01
  -6.5612044e-01
  -3.5748962e-01
  -1.1029672e+00
   1.5697061e-01
   7.3772315e-01
  -1.8260804e+00
  -7.6980624e-01
   1.3894855e+00
   1.7053738e+00
  -7.5640345e-01
  -1.0735609e+00
  -8.4281602e-01
  -3.0971467e+00
  -9.6240251e-02
  -1.4393760e-01
   2.0880240e+00
  -1.0855890e-01
  -3.1532068e-01
   1.2772015e+00
  -1.7175154e-02
  -7.3975011e-01
  -1.1363199e+00
  -8.6919102e-01
   8.0382707e-01
   2.6930377e+00
  -9.3692675e-01
  -1.4367252e+00
   1.8495101e+00
   2.1609226e+00
   6.7443450e-01
  -6.7326814e-01
   4.4931658e-01
  -2.7109033e-01
  -4.0758562e-01
  -1.1339607e+00
  -7.5102705e-01
   4.4639407e-01
   8.3259907e-01
  -4.1485956e-01
  -9.7720661e-01
  -1.4352654e+00
  -2.4598021e-01
  -3.0849252e-01
  -1.5153790e+00
   3.0323449e-02
   4.7104288e-01
  -9.5046224e-01
   3.0699051e-02
  -1.1296903e-01
  -1.8726949e+00
   5.1880159e-01
  -1.7867036e+00
   2.0223007e+00
  -5.8326753e-01
  -1.8229538e+00
  -2.9155477e-01
   9.2825786e-01
  -1.7162103e+00
   5.6417889e-01
  -2.8745168e+00
   3.0296072e+00
   1.7395971e+00
  -2.5013071e-01
  -2.6357274e+00
  -1.2080868e+00
   2.1393852e+00
   3.6785754e+00
  -4.1918069e-01
  -2.6517507e+00
  -2.4744563e+00
   1.6109863e-01
   2.7295037e-02
  -2.0304216e+00
   1.3248672e+00
   2.5300872e+00
  -2.7480003e-01
  -2.7592948e+00
  -2.7247470e+00
  -2.4739131e+00
   3.8403116e-01
  -2.9479343e+00
   1.3923201e+00
   3.7032885e+00
  -4.5906025e-01
  -1.7744898e+00
  -2.7049980e+00
  -3.0909232e+00
  -3.9761802e+00
   3.7623272e+00
  -6.8466651e-01
   4.6046559e+00
   2.9361492e-01
  -2.3420502e+00
   1.4010816e+00
  -1.2734689e+00
   1.3546523e+00
   1.0827967e+00
   2.0444057e+00
  -1.4564577e+00
   3.1653244e+00
  -2.6528179e-01
  -1.2665401e+00
  -2.0583203e+00
   1.8274696e+00
  -3.0081405e+00
  -7.6430559e-01
   4.7864005e-01
  -1.8449768e+00
  -3.5679869e+00
   9.9475600e-02
  -6.0314490e-01
   2.3319693e+00
  -1.0286241e+00
   1.3306926e+00
   1.8048495e+00
  -3.3480340e+00
  -1.2174852e+00
  -3.1287069e-01
  -1.4123453e+00
  -3.6838469e+00
  -1.9146718e+00
   2.5443481e-01
  -1.3066511e+00
   1.6097698e+00
   1.0741407e+00
  -4.4025041e-01
  -2.2429353e+00
  -3.4029072e+00
   1.1851535e+00
   6.4496437e-01
  -1.6447817e+00
  -2.1900605e+00
  -9.5091115e-01
  -1.2724532e-01
   5.6192314e-01
   3.8460191e+00
   3.5039588e+00
  -8.9862288e-01
   5.3257657e+00
  -1.9231218e+00
   3.2604453e+00
   6.7695210e-03
   1.2825822e+00
  -1.5208254e+00
  -2.4546784e+00
   2.1673174e+00
   1.4235417e+00
   2.3223557e+00
  -2.9470641e+00
   3.2143842e+00
   2.6935879e+00
   5.1837423e-01
   3.0721361e+00
  -1.2604965e+00
  -1.7067264e+00
  -2.7999316e+00
  -9.8368589e-01
  -2.0659552e+00
   1.6374951e+00
  -8.4921802e-01
   2.7770842e+00
   1.3345706e+00
  -9.5742382e-01
  -2.8751890e-01
   9.2807832e-01
   2.3627073e+00
   4.7779728e-01
  -2.5900391e-01
  -1.6701219e+00
   2.0381779e+00
  -4.8022024e-01
  -5.4578653e-01
   1.9863213e+00
  -1.8778074e+00
  -3.3406289e-01
  -2.7888286e+00
  -1.0391737e-01
  -2.4515857e+00
   1.1646748e+00
  -5.4277386e-01
  -1.2460934e+00
  -2.9438150e-01
   1.8473981e+00
  -1.0888500e+00
  -2.1718048e+00
  -1.0024451e+00
   5.1389742e-01
   1.2669784e-01
  -1.7175154e-02
  -1.7175154e-02
  -1.7175154e-02
  -2.6466004e+00
   6.0955872e-01
  -1.7175154e-02
  -1.7175154e-02
   4.5074453e+00
  -1.2273759e+00
   2.0288195e+00
  -5.1246312e-01
  -3.3124658e+00
   9.1602940e-01
  -3.3825781e-01
   9.4000678e-01
   7.6107113e-01
  -6.0847753e-01
  -1.7854998e+00
  -3.3368887e+00
  -1.8515292e-01
   5.1071241e-01
  -1.4066087e+00
   2.3866465e+00
  -3.9039868e+00
  -2.2912711e+00
   3.0799981e-01
   1.7143410e+00
   2.5443481e-01
   1.1872928e+00
  -7.6323575e-01
  -2.6763915e+00
   2.2513085e+00
  -1.8069087e+00
  -1.6840830e+00
   2.8609755e-01
   5.2701243e-01
  -1.6235373e+00
   4.9487796e-01
   2.6201113e+00
   2.3087935e-01
   2.0698393e+00
  -2.3937053e+00
  -5.8725386e-01
   1.3893236e+00
  -1.3258863e+00
  -1.4324553e+00
   4.4004851e-01
   1.3855126e+00
   4.0985655e-01
   7.9920881e-01
  -3.8291405e-01
   3.7175973e-02
  -1.3241019e+00
  -3.6680530e-01
  -1.2962940e+00
  -1.2557562e+00
  -2.5119113e+00
   4.1746642e+00
   1.3755500e+00
   2.0623296e+00
   1.9543956e+00
   1.0972591e+00
  -2.1797712e-01
   2.4730933e+00
  -2.8101531e+00
   1.8090392e+00
  -4.8295938e-01
  -1.5281393e-01
  -2.4453817e+00
  -1.5162333e+00
  -1.7175154e-02
   2.9376820e+00
  -7.1429177e-01
   1.4172015e+00
   3.1442080e+00
  -4.5013684e-01
  -1.8236908e+00
  -7.0393345e-01
   6.4521635e-01
   1.1274437e+00
   8.6847828e-01
  -9.9181441e-02
   1.0156791e+00
  -1.7175154e-02
  -1.7175154e-02
   6.2203701e-01
  -8.6358034e-01
  -1.7891562e-01
  -9.2791764e-01
   2.3983306e+00
  -6.5008668e-01
   3.3416723e-01
  -1.7175154e-02
   3.6537542e-01
   3.5137040e-01
   8.7618422e-01
  -1.3576037e+00
  -1.9510305e+00
   8.3873847e-01
  -1.2830272e+00
  -8.7109842e-01
  -4.8582345e-01
   5.8287269e-01
  -3.2830924e-01
  -2.1502792e+00
  -8.1229855e-01
  -2.8502561e-01
  -7.9039226e-01
  -2.5147013e-01
   8.9114180e-03
   1.0792176e+00
   3.6416777e-01
  -7.1852060e-01
   1.2633545e+00
   1.1583252e+00
  -4.9643968e-01
   1.0941078e+00
  -4.1337715e-02
   1.9034354e+00
  -1.1226819e+00
   6.4433748e-01
  -4.5327245e-01
   1.0106120e-01
  -9.2279903e-01
   1.2180439e+00
   3.4523963e-01
   5.0432123e-01
  -3.5263241e-01
   1.7630938e-02
  -4.7153816e-01
   9.9718848e-02
  -7.5588299e-02
   2.0443592e-01
  -5.4362962e-01
  -2.2930481e-01
  -1.6616280e+00
   2.0740656e+00
   4.3729280e-01
   2.4893780e-01
   2.2174515e+00
   9.6674087e-01
  -3.9753237e-01
  -1.1199825e+00
   9.7642995e-01
   6.0213518e-01
   4.9851685e-01
   4.0857782e-01
  -8.6152551e-01
   6.2539046e-01
  -1.0818403e+00
   1.0049060e+00
  -3.8480656e-02
   1.8138189e+00
  -1.2003233e-01
   6.2735150e-01
   5.3933284e-02
  -2.0022831e-01
   7.7130241e-01
  -6.7338107e-01
  -1.6982710e-01
   6.4100635e-01
  -4.7192320e-01
  -5.4781805e-01
   2.9984105e-01
   2.3585445e-02
   4.1893399e-01
   1.5144859e+00
   1.2023126e+00
  -2.6641319e-01
   1.1042250e+00
   9.5092624e-01
  -1.1869640e-01
   1.3229271e+00
   4.8412066e-01
  -1.1612884e+00
  -1.0481470e+00
   4.1803304e-01
   1.2124087e+00
   2.7888636e-01
   1.2634988e+00
  -4.4632799e-01
   4.2941682e-01
   3.7362020e-01
  -1.0396085e+00
   8.0589660e-01
  -1.3013987e+00
  -1.5548960e+00
   6.3075840e-01
  -9.6911714e-01
  -7.9358113e-03
   1.1336495e+00
   3.4274382e-01
   8.9796786e-01
  -7.2652151e-01
  -2.5157795e+00
  -6.4977364e-01
  -1.2190288e+00
  -1.9262466e-01
   2.5548330e-01
   2.2503092e-01
  -1.0522127e+00
   1.2492914e+00
  -4.2287521e-01
   2.2861641e+00
  -1.2848558e-01
  -4.1806637e-01
   1.6968220e-01
   1.4713924e+00
  -2.5314197e-01
   9.6476919e-01
  -1.3328896e-01
   3.6587805e-01
  -1.0599811e-01
  -8.2369829e-01
   7.2707873e-01
   4.3475074e-01
  -1.6215035e+00
  -3.8276681e-01
  -8.0296683e-01
   1.0065522e+00
   1.0756131e+00
   7.0135404e-01
   3.9510518e-01
   2.0075792e-01
   1.6932066e+00
  -4.2407176e-02
  -2.7019187e-01
   4.4572384e-01
   9.6185056e-01
  -6.0397043e-01
   5.7586177e-02
  -5.0388735e-02
   1.3188761e+00
   5.0589243e-01
  -2.2682003e+00
  -6.1503768e-01
  -5.9649545e-01
  -3.0073157e-01
   2.0636596e-01
   1.6368415e+00
   6.5776901e-02
  -6.1749670e-01
   4.8358755e-01
   7.4094621e-02
   1.5659366e+00
  -3.3245046e-02
   1.6194873e+00
  -6.4342280e-01
  -5.7159203e-01
  -6.5834570e-01
   7.7508340e-01
  -1.1254650e-01
   4.4212528e-01
  -3.5728954e-01
   5.1177824e-01
  -3.3230065e-01
  -1.2086503e+00
  -5.7649627e-02
   7.5431760e-01
  -7.0775140e-01
  -9.0906365e-03
  -1.7175154e-02
  -1.7175154e-02
  -1.7175154e-02
   8.4046768e-01
  -1.2824370e-03
  -1.7175154e-02
  -1.7175154e-02
   3.7852435e-01
  -1.7175154e-02
   3.6762241e-01
   2.2476116e-01
   2.0946457e+00
  -3.2110449e-02
  -3.1681332e-01
   1.3286638e-01
   6.8949113e-01
  -1.2809809e-01
   3.4619234e-02
  -1.6530042e-01
  -3.5952279e-01
  -3.0174683e-01
   5.0579710e-01
  -1.2586793e+00
  -4.7631463e-01
   3.5047010e-01
   2.8716254e-01
  -7.5069362e-01
  -4.5003823e-01
  -2.0383087e-01
   1.5395227e-01
  -6.1867798e-01
  -1.5882643e-01
   3.5968134e-01
   9.7422654e-01
   7.5913307e-01
   7.5480710e-01
  -1.2141368e-01
  -9.1200746e-01
   3.9085120e-01
  -9.2487047e-02
  -4.6381837e-01
   1.0433971e-01
  -1.3857983e+00
  -7.5519551e-01
  -1.5182670e+00
   6.5460321e-01
   1.5138439e-01
  -7.5170216e-01
   7.6540847e-01
   1.0678436e+00
  -8.7056343e-01
   4.4291968e-01
  -4.8771477e-02
  -1.7545427e-01
  -6.3925250e-01
  -6.2264800e-01
  -1.3503356e+00
   1.6595183e-01
  -1.6125101e+00
   1.9676558e-01
   1.1894304e+00
  -8.1554039e-01
  -4.0833938e-01
  -1.1567836e+00
  -3.4128476e-01
  -1.1393496e-01
   1.6711898e+00
   2.3763058e-01
   8.7296968e-01
   9.9225689e-02
  -5.8508334e-01
   8.4056559e-01
   1.1257863e+00
   5.9261416e-01
  -8.6971439e-01
   2.3364365e-02
   2.2538026e-01
  -1.7175154e-02
  -1.7175154e-02
   6.3992072e-01
  -9.1682644e-01
  -5.6312988e-01
   5.2877957e-01
  -6.5826487e-02
   7.1571027e-01
  -8.1179511e-02
   7.8498173e-01
   7.8018351e-01
  -7.1494931e-02
  -2.2724386e-01
  -2.1755561e+00
  -1.0032279e+00
  -4.7563821e-01
   1.0188249e+00
  -1.7175154e-02
  -4.9999767e-02
  -1.8562314e+00
  -2.5612012e-01
  -1.3959285e+00
   6.5522943e-01
  -1.4691783e+00
   4.1840503e-01
  -8.7412023e-01
  -1.0081442e+00
   8.4759761e-01
   1.4241381e+00
  -4.3111081e-01
   2.7022334e-02
   7.1961123e-01
  -9.1325403e-01
   7.1318879e-01
   4.5238651e-01
  -5.8292642e-01
   3.4042139e-01
  -8.4081871e-01
   3.6126734e-01
   1.1417464e-01
   5.7402533e-01
   1.1954937e+00
   1.8493399e-01
  -6.7701209e-01
  -5.1246692e-02
   5.9453476e-02
  -1.0138638e+00
   1.9065801e-01
  -2.3368664e-01
  -5.1432351e-01
  -5.2247403e-02
  -4.0458768e-01
  -1.4061220e+00
   8.6543214e-01
   1.3827536e+00
   6.9585708e-02
   6.8014261e-01
  -2.5725519e-02
   7.6799255e-02
  -4.5435788e-01
  -8.2427637e-01
  -4.3426873e-02
  -6.9568682e-01
  -6.1551468e-02
  -6.1590535e-02
  -3.5601600e-01
  -2.7730399e-01
   5.0174817e-01
   5.3983431e-02
  -1.2043224e+00
  -4.4483099e-02
  -5.0206885e-01
   3.9482501e-01
   1.0385402e+00
  -1.1458895e+00
  -2.5515403e-01
  -9.8047751e-01
   8.6348767e-01
  -2.4744223e-01
   2.5563336e+00
   6.7979920e-01
  -5.0404434e-01
   1.1369763e-01
  -8.3411349e-01
   2.7084371e-02
  -1.3621480e+00
  -4.9192970e-01
   3.4841651e-01
  -5.2054959e-01
  -9.1737167e-01
  -4.6864509e-01
   9.7448507e-01
  -1.6561639e-01
   2.7003419e-01
   1.1199829e-01
   2.0349848e-01
   9.6408291e-01
  -3.0593389e-01
   1.6349264e-01
   3.8697730e-01
   3.7489020e-01
   1.6003412e-01
  -7.3874933e-01
   1.0393914e+00
   5.1596747e-01
   4.7596629e-01
   3.6877051e-01
   1.7895166e-01
   4.2364599e-02
  -4.0116251e-01
   7.4789908e-01
   9.4383349e-01
  -1.4149085e-01
  -3.8361170e-01
  -8.4086872e-02
   2.7491068e-01
   1.4897493e-01
   1.7322344e-01
  -5.6547534e-01
  -6.3910635e-01
  -6.7939634e-02
  -4.8491193e-01
  -2.5719726e-02
   5.3523378e-01
  -4.2452279e-01
   9.8674058e-01
   5.4764753e-01
   4.2689897e-01
   4.0104878e-02
   1.1350694e-01
  -5.0075196e-01
   5.6891062e-02
  -1.4010916e+00
  -8.7236202e-03
  -6.8924695e-01
  -1.9734370e-01
  -2.5770678e-02
   8.3520918e-01
  -1.1108307e+00
   3.2714578e-01
   2.5700202e-02
  -1.1965679e+00
   7.0490252e-02
   7.2189389e-01
   3.7832205e-01
  -4.9906181e-01
   6.6983364e-01
   3.7365969e-01
   1.4337722e-01
   5.8698009e-02
   5.7741243e-01
   1.4905705e-01
  -3.1678861e-01
   7.4562323e-02
  -2.2591119e-01
   3.9113825e-01
  -8.3613258e-02
  -3.8415691e-01
   1.0430810e+00
  -1.8137848e-01
  -5.1301628e-01
  -1.5855401e-01
   7.4350510e-02
  -1.2535970e-01
   2.0725698e-01
  -1.9997038e-01
   6.5995700e-02
  -4.0090149e-01
   1.0352292e+00
   4.4811921e-01
   2.6641991e-01
  -2.6827855e-01
   1.6115592e-01
  -3.0931871e-01
  -6.6425973e-01
   3.4424984e-01
   4.4721753e-01
   2.1746426e-01
  -4.3054767e-01
  -1.7175154e-02
  -5.4075556e-01
   1.3063187e-01
   2.4452842e-01
   1.4570288e-01
   4.7829112e-02
  -1.7175154e-02
  -1.3098764e-01
   4.2847595e-01
  -2.5976944e-01
   9.6180695e-02
  -1.7175154e-02
   4.4173353e-01
  -2.9846620e-01
  -7.5595736e-01
   4.5494556e-01
   2.4142636e-01
  -6.5562077e-02
  -5.4436311e-01
  -4.1005004e-01
  -2.8080177e-01
  -8.3297612e-02
   4.6026075e-01
   3.0947816e-01
  -4.1600924e-02
  -3.1940270e-01
  -4.7807232e-01
   6.5437323e-02
   5.8183233e-01
  -5.7976958e-02
   1.4312907e+00
  -1.7932488e+00
  -4.7942969e-01
   4.0397842e-01
  -4.5491641e-01
  -1.0310136e+00
   4.6295726e-01
   4.1689011e-01
  -2.6714145e-01
   9.9629925e-02
  -2.5509411e-02
   7.0280332e-01
  -1.8178029e-01
  -6.9045211e-04
  -3.8108867e-01
  -5.2607358e-01
  -1.5151087e-01
   1.5906723e-01
  -5.1390579e-01
  -1.3576487e-01
  -3.6608581e-01
   5.0106416e-01
  -4.0748415e-01
   5.9241488e-01
   6.5161911e-01
   1.9001786e-01
   1.0224222e+00
   7.1251255e-03
  -3.7475765e-01
   5.6173192e-02
  -9.0523499e-02
   1.9442979e-01
  -3.3420985e-02
   2.0170340e-01
  -9.8082836e-01
   1.3923798e-01
  -1.8183401e-01
  -2.9004268e-01
   1.0703852e-01
  -2.5446558e-02
   3.2084532e-01
  -1.7175154e-02
  -1.7175154e-02
  -3.7174251e-01
   3.3739220e-01
  -3.0558753e-01
   1.4783375e-01
  -4.1410698e-01
   2.9731968e-01
  -9.9747068e-02
   1.3959611e-01
   5.7252358e-01
   7.2466759e-03
  -2.8646769e-01
   5.4426094e-01
   2.3266875e-02
  -1.3941027e+00
  -1.6382440e+00
  -2.7523929e-01
  -5.1116371e-01
  -3.4596227e-02
   5.3733694e-01
   8.6120760e-02
  -4.4030472e-01
  -9.8902447e-01
  -2.5642888e-01
  -1.6840057e-01
   1.5181172e-01
   3.5437834e-01
   4.4979975e-04
   3.1653438e-01
  -1.5741549e-01
  -5.3770688e-01
  -5.7002419e-01
  -7.9975908e-02
   4.3859322e-01
   5.2260674e-01
  -2.9961916e-01
  -1.8562749e-01
   1.1156258e+00
   6.1277475e-01
  -8.5828239e-02
   1.9705629e-01
  -2.7436226e-01
  -1.0319637e-01
   1.2038847e-01
   6.0039870e-02
   4.0965843e-01
  -1.7175154e-02
   8.7594293e-01
   3.0748659e-01
  -2.9175275e-01
   5.9647569e-01
   1.1156967e+00
  -1.4628956e-01
  -1.4662084e-01
   1.0418990e-01
   2.4076529e-01
  -2.0243645e-01
  -7.3234913e-01
   3.6605370e-01
   2.9055522e-01
  -3.0054266e-01
   4.7735024e-02
  -9.0672502e-03
   7.6316226e-01
  -1.0902211e+00
  -8.9733163e-01
  -1.4179793e-01
   1.9864241e-01
  -4.9152610e-01
   3.5768239e-01
   5.7463284e-02
   1.9782880e-01
   1.3936570e-01
  -8.8840805e-01
   1.1166125e+00
   5.6053480e-01
  -3.4997478e-01
   2.8325268e-01
   5.9436480e-01
   6.1864206e-01
  -3.0230172e-01
   5.8288021e-01
   7.6921414e-02
   1.0218183e+00
  -9.5013489e-03
   1.1310126e-01
  -1.0910004e-01
   2.7334759e-01
  -1.4319022e+00
  -5.6899315e-01
   2.9888808e-01
   1.2440986e-01
  -1.9815996e-01
  -7.3968022e-01
  -3.9442886e-01
   2.4799980e-01
   7.1482498e-01
   5.0148896e-01
  -3.7023068e-01
  -1.4330379e-01
  -2.5451962e-01
  -7.3598240e-01
  -7.3513996e-02
  -5.1080924e-01
   9.1743568e-01
   1.4222918e-01
  -1.8456294e-01
  -4.9121603e-02
  -9.4439490e-01
  -7.3013663e-01
   2.8727050e-01
  -1.8974312e-01
   1.8819608e-01
   1.9552779e-01
  -1.4796312e-01
   7.0606782e-01
   7.5944711e-01
  -2.9602308e-01
   5.4675931e-02
   5.7763754e-01
   1.8740048e-01
  -7.2092093e-01
  -1.6070705e-01
  -2.3324156e-01
   7.7058494e-01
  -1.7533023e-01
   4.0085674e-01
  -1.0728323e+00
  -7.3613330e-01
   5.5995894e-02
   1.2186939e+00
  -5.2711181e-01
   7.2214050e-01
  -3.2589279e-01
   4.2552276e-01
   3.5921275e-01
   4.2616870e-01
  -8.7627596e-01
  -3.3323839e-01
  -2.0776790e-01
  -1.6857338e-01
   1.4735934e-02
  -5.3824801e-01
  -1.7051081e-01
   6.0137570e-01
   2.2729482e-02
  -2.9717270e-01
  -1.1447643e+00
  -5.8209258e-02
  -5.1220540e-01
   4.0390950e-01
  -4.8803103e-01
   1.9814644e-01
  -8.2521497e-01
   3.6763283e-01
   1.2338868e+00
   3.9698997e-02
   3.4692141e-01
   2.1608017e-01
  -6.0640740e-01
   3.1515307e-02
  -1.8779775e-01
   7.2348598e-03
   2.3437250e-01
   7.6191994e-01
  -4.9066070e-02
   3.3252109e-01
   1.5676820e-01
   2.2691339e-01
   5.7628604e-01
   1.6105756e-01
  -1.1008757e-01
   2.1478585e-01
  -2.8790022e-01
  -4.8207865e-02
  -1.8819711e-01
   6.8408291e-02
  -4.5439237e-01
   6.7592475e-01
   1.9892430e-01
  -4.1924230e-01
   6.3839799e-01
   4.6328196e-01
   2.8551919e-01
   6.7964781e-01
   6.1874457e-01
   9.9399683e-01
   7.6366707e-02
  -2.7994793e-03
   9.7907724e-01
   4.0384060e-01
  -8.7100914e-02
   5.9737856e-02
  -6.9948441e-01
   4.7613790e-01
  -1.7175154e-02
   4.8524986e-01
   6.6078047e-02
   6.7131026e-01
  -9.6976839e-01
   3.5772366e-01
  -3.1010730e-02
   1.6366719e+00
  -3.9352963e-01
   2.1837520e-01
  -2.9996783e-01
  -1.0402891e+00
   3.8089287e-01
  -2.2268024e-01
  -9.3846662e-01
  -1.0113262e-01
  -5.5925251e-01
  -3.2244752e-01
  -8.8434245e-02
  -5.5485088e-01
   3.7767973e-01
  -2.4653280e-01
   7.7398446e-01
   3.1751975e+00
   1.5512728e-01
  -4.4236748e-01
  -3.9218086e-01
   2.1083913e-01
  -9.9002341e-01
   5.7805028e-02
   2.9517654e-01
   2.3424174e-02
  -2.0012997e-01
   1.0773754e+00
  -1.2204572e+00
   5.5106898e-01
   8.3626935e-02
   5.6353831e-01
   3.9920764e-01
   8.1459146e-02
  -3.7316476e-01
  -2.0939655e-01
   1.1512812e+00
   5.1213077e-01
  -3.1987819e-01
   7.2029133e-01
  -1.4702767e+00
   4.3290845e-01
  -9.6107766e-01
  -6.8991524e-01
   2.5033040e-01
  -2.3106600e-01
  -6.1009406e-01
   1.0225441e+00
   2.6090429e-01
  -7.0024632e-02
  -3.7007989e-02
   2.9089342e-02
   2.3323736e-01
  -5.2588895e-01
   2.4773188e-01
  -1.1635236e-01
  -3.6917101e-01
  -2.4428378e-01
  -7.7463663e-02
  -3.8717862e-01
   2.8575648e-01
   4.7705778e-01
   8.9176550e-01
  -1.8062838e-01
   7.6906303e-01
  -6.9874229e-01
   4.8134148e-02
   2.8216349e-01
  -6.7676571e-01
   1.2067933e-01
  -1.2716396e+00
  -3.7340937e-02
  -1.7175154e-02
  -1.7175154e-02
  -1.7175154e-02
  -3.8154442e-01
   1.7854472e+00
   7.4222387e-02
   4.7611432e-01
   2.4052648e-01
  -3.7185528e-01
   1.1407668e+00
  -1.5779510e+00
  -1.5672031e+00
  -1.7175154e-02
  -2.8696953e-01
  -6.8433371e-01
   5.8151051e-02
   8.1080607e-01
  -6.9484052e-01
  -3.8693483e-01
  -5.6999732e-01
  -8.6500051e-01
  -4.7143982e-01
  -5.7639808e-01
   6.2066058e-02
  -2.1040032e+00
   3.9376063e-01
   5.4521092e-01
  -1.1482870e+00
   1.0697650e+00
  -1.5500893e+00
   1.1461298e+00
   3.2296474e-01
  -2.0914628e-01
  -1.4046300e+00
   5.6494863e-01
  -1.1498572e-01
  -3.6480471e-01
  -1.0127578e+00
  -9.5394528e-01
   4.7679724e-01
  -1.6184389e+00
   7.8980923e-01
  -1.1311508e+00
  -5.5485088e-01
  -2.0590154e-01
   1.4333071e+00
  -2.9752834e-01
   3.2333629e+00
   9.7465931e-01
   1.1557243e-01
  -4.0162518e-01
  -7.6582200e-02
  -8.4874919e-01
  -3.8867281e-01
  -2.8421547e-01
   1.1548478e+00
   3.7741488e-01
   3.0808060e-01
   5.6455082e-02
  -9.1539984e-01
   5.4886393e-01
  -5.0089342e-01
   1.5451738e-01
  -1.6069241e+00
   2.3598392e-01
  -1.2801733e+00
  -1.4415747e+00
   2.0027088e-01
  -6.5415567e-02
   1.2223239e+00
   1.0041816e-01
  -1.0295595e+00
   7.3614111e-01
  -9.5943988e-02
   3.7544495e-01
  -9.3277689e-01
  -2.5669813e-01
   3.8815339e-02
  -5.9606642e-01
   8.3278955e-01
  -6.3317583e-01
   5.5905301e-01
  -1.2251681e+00
   1.0493405e-01
   8.3740766e-01
  -5.5565031e-01
   1.5134440e-02
   7.8391231e-01
   1.0133646e+00
   5.9427098e-01
   2.9726055e-01
  -1.3964872e-01
  -1.1690431e-01
   3.5770260e-01
  -4.6121184e-01
   1.5171293e-01
  -2.3991913e-01
   4.1207082e-01
  -7.8272864e-02
   4.4683673e-01
  -3.5906552e-01
   2.7168420e-01
