19920101	0.0000
19920102	0.0069
19920103	0.0191
19920106	0.0000
19920107	-0.0081
19920108	0.0081
19920109	0.0161
19920110	0.0119
19920113	-0.0026
19920114	0.0066
19920115	0.0156
19920116	0.0191
19920117	-0.0051
19920120	0.0051
19920121	-0.0038
19920122	0.0000
19920123	-0.0115
19920124	0.0038
19920127	0.0140
19920128	0.0013
19920129	-0.0101
19920130	0.0189
19920131	0.0198
19920203	0.0097
19920204	0.0024
19920205	0.0036
19920206	0.0000
19920207	0.0012
19920210	-0.0060
19920211	0.0012
19920212	0.0096
19920213	-0.0024
19920214	-0.0072
19920217	0.0072
19920218	0.0036
19920219	-0.0072
19920220	0.0191
19920221	-0.0071
19920224	0.0071
19920225	-0.0047
19920226	0.0165
19920227	0.0047
19920228	0.0000
19920302	-0.0012
19920303	-0.0023
19920304	0.0023
19920305	-0.0047
19920306	-0.0047
19920309	-0.0012
19920310	-0.0012
19920311	-0.0142
19920312	-0.0072
19920313	0.0108
19920316	-0.0072
19920317	0.0131
19920318	0.0012
19920319	0.0047
19920320	0.0059
19920323	0.0023
19920324	0.0196
19920325	0.0080
19920326	0.0011
19920327	-0.0080
19920330	0.0000
19920331	0.0011
19920401	-0.0034
19920402	0.0181
19920403	-0.0011
19920406	0.0067
19920407	-0.0034
19920408	-0.0181
19920409	0.0080
19920410	0.0090
19920413	-0.0022
19920414	0.0011
19920415	0.0045
19920416	-0.0011
19920417	0.0000
19920420	0.0000
19920421	-0.0011
19920422	0.0034
19920423	-0.0056
19920424	0.0000
19920427	-0.0045
19920428	0.0011
19920429	-0.0011
19920430	-0.0045
19920501	0.0000
19920504	-0.0137
19920505	0.0000
19920506	0.0069
19920507	0.0068
19920508	0.0124
19920511	0.0100
19920512	-0.0270
19920513	-0.0034
19920514	-0.0161
19920515	-0.0047
19920518	0.0367
19920519	-0.0090
19920520	0.0202
19920521	0.0155
19920522	0.0270
19920525	0.0074
19920526	-0.0139
19920527	-0.0054
19920528	0.0000
19920529	0.0107
19920601	-0.0032
19920602	0.0000
19920603	-0.0064
19920604	0.0043
19920605	-0.0011
19920608	0.0000
19920609	0.0032
19920610	-0.0011
19920611	-0.0021
19920612	0.0170
19920615	-0.0106
19920616	0.0000
19920617	-0.0032
19920618	0.0000
19920619	0.0021
19920622	-0.0021
19920623	0.0000
19920624	-0.0043
19920625	-0.0054
19920626	-0.0185
19920629	0.0000
19920630	-0.0077
19920701	-0.0089
19920702	-0.0045
19920703	0.0178
19920706	-0.0078
19920707	0.0011
19920708	-0.0146
19920709	0.0011
19920710	0.0011
19920713	-0.0251
19920714	0.0069
19920715	-0.0023
19920716	0.0092
19920717	-0.0207
19920720	-0.0271
19920721	-0.0036
19920722	-0.0121
19920723	-0.0085
19920724	-0.0136
19920727	0.0037
19920728	0.0037
19920729	0.0243
19920730	-0.0036
19920731	0.0120
19920803	0.0189
19920804	0.0000
19920805	0.0023
19920806	-0.0059
19920807	-0.0012
19920810	-0.0202
19920811	-0.0121
19920812	-0.0073
19920813	-0.0012
19920814	-0.0025
19920817	-0.0037
19920818	-0.0074
19920819	-0.0050
19920820	-0.0163
19920821	0.0126
19920824	-0.0331
19920825	-0.0170
19920826	-0.0053
19920827	0.0222
19920828	-0.0039
19920831	0.0039
19920901	-0.0170
19920902	0.0026
19920903	0.0285
19920904	-0.0154
19920907	0.0026
19920908	0.0077
19920909	-0.0077
19920910	0.0064
19920911	0.0166
19920914	0.0565
19920915	-0.0096
19920916	0.0167
19920917	-0.0155
19920918	0.0167
19920921	-0.0435
19920922	-0.0099
19920923	-0.0460
19920924	-0.0238
19920925	-0.0217
19920928	-0.0249
19920929	0.0112
19920930	-0.0084
19921001	0.0084
19921002	0.0028
19921005	-0.0613
19921006	0.0233
19921007	-0.0101
19921008	0.0072
19921009	-0.0072
19921012	0.0000
19921013	0.0215
19921014	-0.0157
19921015	0.0029
19921016	0.0029
19921019	0.0227
19921020	0.0277
19921021	-0.0124
19921022	0.0124
19921023	0.0189
19921026	-0.0040
19921027	0.0120
19921028	-0.0242
19921029	-0.0055
19921030	0.0041
19921102	-0.0055
19921103	0.0014
19921104	-0.0096
19921105	0.0083
19921106	0.0000
19921109	0.0136
19921110	0.0214
19921111	0.0000
19921112	0.0157
19921113	-0.0065
19921116	0.0039
19921117	0.0065
19921118	0.0000
19921119	-0.0039
19921120	-0.0013
19921123	-0.0224
19921124	0.0080
19921125	-0.0160
19921126	0.0054
19921127	-0.0013
19921130	0.0159
19921201	-0.0026
19921202	-0.0120
19921203	-0.0054
19921204	-0.0176
19921207	-0.0027
19921208	-0.0027
19921209	-0.0069
19921210	-0.0056
19921211	-0.0084
19921214	0.0056
19921215	0.0028
19921216	-0.0070
19921217	-0.0085
19921218	0.0099
19921221	0.0084
19921222	0.0069
19921223	0.0028
19921224	0.0000
19921225	0.0000
19921228	0.0191
19921229	0.0067
19921230	0.0000
19921231	0.0000
19930101	0.0000
19930104	-0.0121
19930105	0.0162
19930106	0.0027
19930107	-0.0134
19930108	-0.0014
19930111	-0.0027
19930112	0.0081
19930113	-0.0259
19930114	0.0151
19930115	0.0202
19930118	0.0263
19930119	0.0065
19930120	0.0039
19930121	0.0102
19930122	0.0076
19930125	-0.0359
19930126	-0.0039
19930127	-0.0119
19930128	0.0119
19930129	-0.0026
19930201	0.0144
19930202	-0.0104
19930203	0.0091
19930204	0.0052
19930205	0.0077
19930208	-0.0039
19930209	-0.0065
19930210	0.0039
19930211	0.0128
19930212	-0.0115
19930215	0.0153
19930216	-0.0179
19930217	0.0039
19930218	0.0064
19930219	-0.0013
19930222	-0.0142
19930223	-0.0170
19930224	-0.0133
19930225	0.0000
19930226	0.0093
19930301	0.0079
19930302	0.0013
19930303	-0.0172
19930304	0.0027
19930305	-0.0148
19930308	0.0027
19930309	0.0094
19930310	-0.0013
19930311	0.0000
19930312	-0.0094
19930315	0.0014
19930316	0.0013
19930317	-0.0149
19930318	-0.0096
19930319	-0.0111
19930322	-0.0112
19930323	0.0028
19930324	0.0112
19930325	0.0069
19930326	0.0028
19930329	0.0000
19930330	0.0041
19930331	-0.0055
19930401	0.0014
19930402	-0.0014
19930405	0.0000
19930406	0.0246
19930407	-0.0149
19930408	0.0109
19930409	0.0000
19930412	0.0000
19930413	0.0027
19930414	-0.0014
19930415	-0.0068
19930416	0.0027
19930419	0.0000
19930420	-0.0041
19930421	-0.0041
19930422	0.0041
19930423	-0.0110
19930426	-0.0139
19930427	0.0000
19930428	-0.0056
19930429	-0.0070
19930430	0.0099
19930503	0.0139
19930504	-0.0111
19930505	0.0070
19930506	-0.0014
19930507	0.0028
19930510	0.0055
19930511	-0.0055
19930512	0.0014
19930513	-0.0338
19930514	-0.0057
19930517	-0.0058
19930518	-0.0058
19930519	-0.0015
19930520	0.0000
19930521	-0.0029
19930524	-0.0015
19930525	0.0102
19930526	-0.0029
19930527	0.0072
19930528	-0.0043
19930531	0.0000
19930601	0.0029
19930602	0.0000
19930603	0.0043
19930604	0.0043
19930607	0.0156
19930608	-0.0014
19930609	0.0070
19930610	0.0000
19930611	0.0194
19930614	0.0055
19930615	0.0041
19930616	0.0068
19930617	-0.0014
19930618	0.0175
19930621	0.0132
19930622	0.0065
19930623	0.0052
19930624	0.0155
19930625	0.0026
19930628	0.0064
19930629	-0.0102
19930630	0.0000
19930701	-0.0026
19930702	0.0000
19930705	-0.0077
19930706	0.0077
19930707	0.0525
19930708	0.0406
19930709	-0.0012
19930712	-0.0023
19930713	0.0000
19930714	-0.0012
19930715	-0.0059
19930716	0.0176
19930719	0.0320
19930720	-0.0159
19930721	-0.0011
19930722	-0.0023
19930723	0.0023
19930726	0.0114
19930727	-0.0206
19930728	-0.0245
19930729	-0.0095
19930730	0.0012
19930802	-0.0036
19930803	0.0072
19930804	0.0000
19930805	-0.0024
19930806	0.0095
19930809	-0.0119
19930810	0.0083
19930811	0.0129
19930812	0.0105
19930813	0.0046
19930816	-0.0139
19930817	0.0116
19930818	0.0081
19930819	0.0023
19930820	-0.0196
19930823	-0.0023
19930824	0.0035
19930825	-0.0012
19930826	-0.0165
19930827	0.0129
19930830	0.0093
19930831	0.0069
19930901	-0.0023
19930902	-0.0069
19930903	0.0035
19930906	-0.0105
19930907	-0.0153
19930908	0.0024
19930909	0.0024
19930910	-0.0024
19930913	0.0024
19930914	-0.0095
19930915	-0.0108
19930916	0.0072
19930917	0.0072
19930920	0.0118
19930921	0.0023
19930922	-0.0106
19930923	-0.0036
19930924	-0.0012
19930927	0.0142
19930928	-0.0012
19930929	0.0012
19930930	0.0059
19931001	0.0047
19931004	0.0127
19931005	0.0294
19931006	0.0133
19931007	0.0022
19931008	0.0044
19931011	-0.0077
19931012	-0.0055
19931013	-0.0078
19931014	0.0078
19931015	0.0110
19931018	0.0011
19931019	0.0344
19931020	0.0000
19931021	0.0136
19931022	0.0052
19931025	-0.0031
19931026	-0.0136
19931027	-0.0021
19931028	0.0042
19931029	0.0084
19931101	0.0031
19931102	0.0114
19931103	-0.0052
19931104	-0.0093
19931105	-0.0221
19931108	-0.0021
19931109	0.0148
19931110	-0.0032
19931111	0.0011
19931112	-0.0032
19931115	0.0168
19931116	0.0031
19931117	0.0000
19931118	0.0093
19931119	-0.0031
19931122	-0.0357
19931123	0.0011
19931124	0.0021
19931125	0.0095
19931126	-0.0074
19931129	-0.0011
19931130	-0.0139
19931201	0.0182
19931202	0.0147
19931203	0.0114
19931206	0.0010
19931207	0.0244
19931208	0.0140
19931209	-0.0090
19931210	0.0100
19931213	0.0099
19931214	-0.0039
19931215	0.0156
19931216	0.0087
19931217	0.0029
19931220	0.0171
19931221	-0.0066
19931222	0.0066
19931223	0.0112
19931224	0.0000
19931227	0.0230
19931228	-0.0018
19931229	-0.0082
19931230	0.0082
19931231	0.0000
19940103	0.0145
19940104	-0.0072
19940105	-0.0045
19940106	0.0118
19940107	-0.0090
19940110	0.0063
19940111	-0.0009
19940112	-0.0201
19940113	-0.0158
19940114	-0.0028
19940117	-0.0113
19940118	0.0066
19940119	0.0047
19940120	-0.0180
19940121	-0.0115
19940124	0.0058
19940125	-0.0010
19940126	0.0134
19940127	0.0000
19940128	0.0009
19940131	0.0819
19940201	0.0560
19940202	-0.0075
19940203	-0.0287
19940204	0.0068
19940207	0.0000
19940208	0.0076
19940209	0.0502
19940210	0.0000
19940211	-0.0040
19940214	0.0000
19940215	0.0176
19940216	0.0258
19940217	0.0214
19940218	0.0038
19940221	-0.0321
19940222	-0.0023
19940223	-0.0086
19940224	-0.0230
19940225	0.0144
19940228	0.0250
19940301	-0.0179
19940302	0.0016
19940303	0.0133
19940304	0.0215
19940307	0.0277
19940308	-0.0104
19940309	-0.0082
19940310	-0.0045
19940311	-0.0221
19940314	0.0282
19940315	0.0030
19940316	-0.0060
19940317	0.0015
19940318	-0.0106
19940321	-0.0153
19940322	-0.0054
19940323	-0.0047
19940324	-0.0157
19940325	-0.0079
19940328	0.0268
19940329	-0.0180
19940330	-0.0008
19940331	0.0055
19940401	0.0000
19940404	0.0000
19940405	0.0295
19940406	-0.0139
19940407	0.0116
19940408	-0.0023
19940411	0.0099
19940412	-0.0015
19940413	0.0061
19940414	-0.0023
19940415	0.0076
19940418	0.0082
19940419	-0.0045
19940420	-0.0038
19940421	-0.0060
19940422	0.0060
19940425	-0.0060
19940426	0.0143
19940427	0.0082
19940428	0.0125
19940429	0.0116
19940502	0.0115
19940503	-0.0007
19940504	0.0043
19940505	0.0085
19940506	-0.0014
19940509	-0.0014
19940510	-0.0014
19940511	0.0120
19940512	0.0000
19940513	0.0014
19940516	0.0194
19940517	0.0007
19940518	-0.0229
19940519	-0.0120
19940520	0.0007
19940523	0.0000
19940524	-0.0259
19940525	-0.0273
19940526	-0.0136
19940527	-0.0061
19940530	-0.0310
19940531	0.0264
19940601	-0.0147
19940602	0.0000
19940603	0.0124
19940606	0.0046
19940607	-0.0170
19940608	0.0062
19940609	-0.0125
19940610	0.0062
19940613	-0.0413
19940614	0.0016
19940615	-0.0024
19940616	-0.0033
19940617	-0.0033
19940620	-0.0223
19940621	-0.0017
19940622	0.0182
19940623	0.0066
19940624	-0.0049
19940627	0.0016
19940628	0.0049
19940629	0.0138
19940630	-0.0113
19940701	0.0041
19940704	0.0185
19940705	-0.0096
19940706	-0.0032
19940707	0.0120
19940708	0.0071
19940711	0.0149
19940712	-0.0055
19940713	0.0101
19940714	-0.0016
19940715	0.0131
19940718	0.0084
19940719	0.0061
19940720	0.0038
19940721	0.0105
19940722	0.0162
19940725	0.0044
19940726	0.0058
19940727	-0.0087
19940728	0.0051
19940729	-0.0022
19940801	-0.0029
19940802	0.0124
19940803	-0.0022
19940804	-0.0138
19940805	0.0059
19940808	-0.0059
19940809	-0.0022
19940810	0.0059
19940811	-0.0015
19940812	-0.0096
19940815	-0.0059
19940816	0.0074
19940817	-0.0022
19940818	-0.0119
19940819	-0.0136
19940822	-0.0308
19940823	0.0000
19940824	-0.0016
19940825	0.0086
19940826	0.0291
19940829	0.0023
19940830	-0.0106
19940831	-0.0038
19940901	-0.0038
19940902	-0.0062
19940905	-0.0195
19940906	0.0063
19940907	0.0101
19940908	0.0000
19940909	0.0023
19940912	-0.0117
19940913	-0.0047
19940914	-0.0047
19940915	0.0039
19940916	-0.0150
19940919	-0.0008
19940920	-0.0161
19940921	-0.0106
19940922	0.0082
19940923	0.0089
19940926	-0.0154
19940927	-0.0008
19940928	0.0025
19940929	-0.0537
19940930	0.0255
19941003	0.0000
19941004	-0.0101
19941005	-0.0068
19941006	0.0043
19941007	0.0068
19941010	0.0381
19941011	0.0177
19941012	-0.0008
19941013	0.0127
19941014	0.0102
19941017	-0.0047
19941018	-0.0238
19941019	-0.0113
19941020	-0.0098
19941021	-0.0182
19941024	0.0025
19941025	-0.0101
19941026	0.0059
19941027	-0.0008
19941028	0.0224
19941031	0.0049
19941101	0.0065
19941102	-0.0090
19941103	0.0090
19941104	-0.0024
19941107	-0.0090
19941108	0.0008
19941109	0.0219
19941110	-0.0016
19941111	-0.0137
19941114	0.0008
19941115	0.0121
19941116	0.0000
19941117	-0.0073
19941118	0.0008
19941121	-0.0024
19941122	-0.0065
19941123	-0.0340
19941124	0.0025
19941125	-0.0008
19941128	-0.0034
19941129	-0.0025
19941130	0.0101
19941201	-0.0051
19941202	0.0000
19941205	0.0142
19941206	-0.0067
19941207	-0.0067
19941208	0.0008
19941209	-0.0161
19941212	-0.0208
19941213	0.0096
19941214	0.0060
19941215	0.0069
19941216	0.0110
19941219	0.0076
19941220	0.0158
19941221	0.0049
19941222	0.0033
19941223	-0.0033
19941226	0.0000
19941227	0.0049
19941228	-0.0115
19941229	-0.0058
19941230	0.0124
19950102	-0.0049
19950103	-0.0066
19950104	-0.0092
19950105	-0.0042
19950106	0.0059
19950109	0.0033
19950110	0.0067
19950111	0.0083
19950112	-0.0025
19950113	0.0074
19950116	0.0016
19950117	-0.0066
19950118	-0.0016
19950119	-0.0041
19950120	-0.0125
19950123	-0.0254
19950124	-0.0130
19950125	0.0121
19950126	-0.0026
19950127	0.0000
19950130	0.0000
19950131	0.0026
19950201	0.0077
19950202	-0.0034
19950203	0.0128
19950206	0.0025
19950207	0.0042
19950208	-0.0034
19950209	0.0225
19950210	0.0082
19950213	-0.0041
19950214	0.0025
19950215	0.0025
19950216	-0.0131
19950217	0.0050
19950220	-0.0083
19950221	0.0025
19950222	0.0074
19950223	0.0114
19950224	-0.0123
19950227	-0.0025
19950228	-0.0133
19950301	0.0133
19950302	-0.0041
19950303	-0.0133
19950306	-0.0118
19950307	-0.0111
19950308	-0.0095
19950309	-0.0398
19950310	0.0143
19950313	-0.0261
19950314	0.0306
19950315	-0.0179
19950316	0.0134
19950317	-0.0307
19950320	0.0027
19950321	0.0018
19950322	-0.0073
19950323	-0.0223
19950324	0.0168
19950327	-0.0028
19950328	-0.0084
19950329	0.0047
19950330	0.0148
19950331	-0.0064
19950403	0.0119
19950404	0.0000
19950405	-0.0046
19950406	-0.0009
19950407	0.0064
19950410	0.0091
19950411	0.0027
19950412	0.0178
19950413	-0.0027
19950414	0.0000
19950417	0.0000
19950418	-0.0116
19950419	-0.0236
19950420	0.0028
19950421	0.0127
19950424	-0.0164
19950425	0.0200
19950426	0.0143
19950427	-0.0018
19950428	-0.0027
19950501	0.0000
19950502	0.0229
19950503	-0.0026
19950504	0.0009
19950505	0.0026
19950508	0.0138
19950509	0.0000
19950510	0.0051
19950511	0.0286
19950512	0.0189
19950515	-0.0115
19950516	0.0098
19950517	-0.0324
19950518	-0.0059
19950519	-0.0017
19950522	0.0252
19950523	-0.0067
19950524	0.0067
19950525	0.0000
19950526	-0.0176
19950529	0.0134
19950530	-0.0025
19950531	0.0050
19950601	0.0124
19950602	0.0098
19950605	0.0000
19950606	0.0089
19950607	-0.0179
19950608	-0.0066
19950609	-0.0166
19950612	0.0199
19950613	-0.0016
19950614	-0.0041
19950615	0.0000
19950616	0.0025
19950619	0.0155
19950620	-0.0082
19950621	0.0057
19950622	0.0057
19950623	-0.0073
19950626	0.0065
19950627	0.0024
19950628	-0.0262
19950629	0.0025
19950630	-0.0033
19950703	0.0074
19950704	0.0025
19950705	0.0016
19950706	0.0033
19950707	0.0250
19950710	0.0087
19950711	0.0157
19950712	0.0016
19950713	-0.0016
19950714	0.0000
19950717	0.0054
19950718	-0.0125
19950719	0.0047
19950720	-0.0063
19950721	0.0055
19950724	0.0140
19950725	0.0038
19950726	0.0046
19950727	0.0046
19950728	-0.0184
19950731	0.0000
19950801	-0.0219
19950802	0.0055
19950803	-0.0071
19950804	-0.0128
19950807	0.0072
19950808	-0.0024
19950809	-0.0008
19950810	0.0088
19950811	-0.0080
19950814	0.0008
19950815	0.0190
19950816	0.0101
19950817	0.0062
19950818	0.0038
19950821	0.0000
19950822	-0.0100
19950823	0.0085
19950824	-0.0015
19950825	-0.0023
19950828	-0.0046
19950829	0.0015
19950830	0.0046
19950831	-0.0031
19950901	0.0062
19950904	0.0031
19950905	-0.0023
19950906	0.0038
19950907	0.0053
19950908	-0.0030
19950911	-0.0054
19950912	-0.0031
19950913	0.0130
19950914	-0.0015
19950915	0.0030
19950918	-0.0030
19950919	0.0008
19950920	-0.0145
19950921	-0.0124
19950922	-0.0269
19950925	0.0032
19950926	0.0032
19950927	-0.0209
19950928	0.0032
19950929	0.0129
19951002	0.0024
19951003	0.0000
19951004	0.0080
19951005	-0.0040
19951006	-0.0128
19951009	-0.0228
19951010	-0.0108
19951011	0.0091
19951012	-0.0091
19951013	0.0132
19951016	-0.0066
19951017	0.0025
19951018	0.0082
19951019	-0.0124
19951020	-0.0193
19951023	-0.0076
19951024	-0.0017
19951025	0.0000
19951026	0.0085
19951027	-0.0119
19951030	0.0178
19951031	0.0034
19951101	0.0059
19951102	-0.0017
19951103	-0.0042
19951106	0.0017
19951107	0.0083
19951108	0.0173
19951109	-0.0024
19951110	-0.0033
19951113	0.0163
19951114	-0.0016
19951115	-0.0032
19951116	0.0016
19951117	-0.0024
19951120	0.0073
19951121	-0.0040
19951122	0.0016
19951123	-0.0163
19951124	-0.0074
19951127	0.0237
19951128	-0.0040
19951129	0.0032
19951130	0.0016
19951201	0.0032
19951204	-0.0097
19951205	-0.0197
19951206	-0.0017
19951207	-0.0108
19951208	-0.0034
19951211	0.0025
19951212	-0.0008
19951213	0.0034
19951214	0.0067
19951215	-0.0042
19951218	-0.0194
19951219	-0.0009
19951220	0.0043
19951221	-0.0025
19951222	0.0051
19951225	0.0000
19951226	0.0000
19951227	-0.0051
19951228	-0.0034
19951229	-0.0060
19960101	0.0000
19960102	0.0271
19960103	0.0174
19960104	0.0123
19960105	-0.0041
19960108	0.0113
19960109	0.0136
19960110	-0.0024
19960111	-0.0112
19960112	0.0128
19960115	0.0040
19960116	0.0181
19960117	0.0000
19960118	-0.0039
19960119	-0.0023
19960122	-0.0055
19960123	0.0148
19960124	0.0177
19960125	-0.0069
19960126	0.0130
19960129	-0.0023
19960130	0.0166
19960131	-0.0015
19960201	-0.0083
19960202	-0.0023
19960205	-0.0229
19960206	0.0062
19960207	0.0015
19960208	-0.0202
19960209	0.0101
19960212	-0.0062
19960213	0.0109
19960214	-0.0023
19960215	0.0031
19960216	-0.0015
19960219	-0.0171
19960220	-0.0071
19960221	0.0055
19960222	0.0110
19960223	0.0039
19960226	-0.0031
19960227	0.0039
19960228	0.0123
19960229	0.0031
19960301	-0.0015
19960304	-0.0008
19960305	-0.0077
19960306	-0.0046
19960307	-0.0008
19960308	-0.0148
19960311	-0.0095
19960312	0.0150
19960313	-0.0047
19960314	0.0024
19960315	0.0063
19960318	-0.0016
19960319	0.0062
19960320	-0.0023
19960321	-0.0094
19960322	-0.0198
19960325	-0.0024
19960326	-0.0089
19960327	0.0008
19960328	-0.0073
19960329	-0.0024
19960401	0.0130
19960402	0.0008
19960403	-0.0040
19960404	0.0176
19960405	0.0000
19960408	0.0000
19960409	0.0095
19960410	0.0156
19960411	-0.0008
19960412	0.0077
19960415	0.0115
19960416	-0.0046
19960417	-0.0123
19960418	0.0115
19960419	0.0061
19960422	0.0045
19960423	0.0023
19960424	-0.0038
19960425	0.0045
19960426	0.0015
19960429	-0.0136
19960430	-0.0069
19960501	0.0000
19960502	-0.0210
19960503	0.0148
19960506	-0.0031
19960507	-0.0039
19960508	0.0047
19960509	0.0062
19960510	0.0077
19960513	0.0046
19960514	-0.0200
19960515	0.0054
19960516	0.0000
19960517	0.0130
19960520	-0.0015
19960521	-0.0008
19960522	0.0015
19960523	0.0030
19960524	0.0030
19960527	0.0000
19960528	0.0053
19960529	0.0008
19960530	0.0015
19960531	-0.0076
19960603	0.0106
19960604	0.0112
19960605	0.0089
19960606	0.0022
19960607	0.0000
19960610	0.0095
19960611	0.0065
19960612	-0.0022
19960613	-0.0014
19960614	0.0014
19960617	0.0036
19960618	-0.0007
19960619	-0.0022
19960620	-0.0036
19960621	0.0087
19960624	0.0014
19960625	-0.0029
19960626	0.0022
19960627	-0.0036
19960628	0.0079
19960701	0.0000
19960702	-0.0072
19960703	-0.0051
19960704	0.0115
19960705	0.0135
19960708	0.0042
19960709	-0.0056
19960710	-0.0028
19960711	-0.0244
19960712	-0.0110
19960715	-0.0096
19960716	-0.0097
19960717	0.0022
19960718	-0.0030
19960719	0.0060
19960722	-0.0128
19960723	0.0172
19960724	-0.0127
19960725	-0.0075
19960726	0.0038
19960729	0.0000
19960730	-0.0083
19960731	0.0008
19960801	-0.0069
19960802	0.0250
19960805	-0.0022
19960806	-0.0022
19960807	-0.0045
19960808	0.0008
19960809	0.0038
19960812	-0.0015
19960813	-0.0091
19960814	0.0106
19960815	-0.0030
19960816	0.0067
19960819	-0.0030
19960820	0.0030
19960821	0.0037
19960822	0.0096
19960823	0.0015
19960826	-0.0037
19960827	0.0044
19960828	-0.0037
19960829	0.0007
19960830	-0.0037
19960902	0.0074
19960903	-0.0015
19960904	0.0015
19960905	0.0007
19960906	0.0044
19960909	-0.0022
19960910	0.0058
19960911	0.0000
19960912	0.0051
19960913	0.0029
19960916	-0.0007
19960917	-0.0051
19960918	-0.0022
19960919	0.0000
19960920	0.0022
19960923	0.0044
19960924	-0.0044
19960925	0.0137
19960926	-0.0043
19960927	-0.0029
19960930	-0.0036
19961001	0.0043
19961002	0.0043
19961003	0.0000
19961004	0.0114
19961007	-0.0028
19961008	-0.0014
19961009	-0.0072
19961010	0.0000
19961011	0.0014
19961014	0.0022
19961015	0.0149
19961016	0.0056
19961017	-0.0056
19961018	0.0042
19961021	0.0056
19961022	-0.0056
19961023	-0.0021
19961024	-0.0092
19961025	0.0113
19961028	0.0000
19961029	-0.0113
19961030	-0.0036
19961031	0.0043
19961101	-0.0036
19961104	0.0028
19961105	0.0315
19961106	0.0103
19961107	-0.0041
19961108	0.0000
19961111	-0.0027
19961112	0.0075
19961113	-0.0014
19961114	0.0027
19961115	0.0081
19961118	0.0020
19961119	0.0013
19961120	-0.0122
19961121	0.0000
19961122	0.0081
19961125	0.0299
19961126	0.0162
19961127	-0.0084
19961128	0.0276
19961129	0.0013
19961202	0.0150
19961203	0.0568
19961204	-0.0059
19961205	-0.0185
19961206	-0.0182
19961209	0.0314
19961210	0.0065
19961211	-0.0288
19961212	-0.0122
19961213	-0.0124
19961216	0.0136
19961217	-0.0099
19961218	0.0019
19961219	0.0037
19961220	0.0196
19961223	0.0084
19961224	0.0000
19961225	0.0000
19961226	0.0000
19961227	0.0012
19961230	0.0143
19961231	0.0000
19970101	0.0000
19970102	-0.0173
19970103	0.0042
19970106	-0.0030
19970107	-0.0066
19970108	0.0138
19970109	0.0048
19970110	-0.0036
19970113	0.0160
19970114	0.0329
19970115	-0.0189
19970116	-0.0116
19970117	0.0162
19970120	-0.0104
19970121	-0.0070
19970122	-0.0059
19970123	-0.0024
19970124	-0.0342
19970127	-0.0049
19970128	0.0092
19970129	-0.0012
19970130	0.0151
19970131	-0.0054
19970203	-0.0085
19970204	0.0097
19970205	0.0256
19970206	-0.0006
19970207	0.0053
19970210	0.0116
19970211	0.0279
19970212	0.0369
19970213	0.0257
19970214	-0.0090
19970217	0.0053
19970218	-0.0350
19970219	-0.0011
19970220	-0.0033
19970221	-0.0072
19970224	-0.0084
19970225	0.0155
19970226	0.0000
19970227	-0.0116
19970228	0.0028
19970303	-0.0050
19970304	0.0319
19970305	0.0219
19970306	0.0084
19970307	0.0141
19970310	-0.0088
19970311	0.0293
19970312	0.0151
19970313	0.0222
19970314	-0.0202
19970317	-0.0469
19970318	-0.0281
19970319	0.0192
19970320	-0.0294
19970321	0.0146
19970324	0.0085
19970325	0.0497
19970326	0.0574
19970327	0.0071
19970328	0.0000
19970331	0.0000
19970401	-0.0510
19970402	-0.0350
19970403	-0.0104
19970404	0.0206
19970407	0.0478
19970408	0.0354
19970409	0.0441
19970410	0.0187
19970411	-0.0309
19970414	0.0054
19970415	0.0215
19970416	-0.0022
19970417	-0.0125
19970418	-0.0131
19970421	-0.0147
19970422	0.0000
19970423	0.0087
19970424	0.0118
19970425	-0.0036
19970428	-0.0036
19970429	0.0091
19970430	0.0210
19970501	0.0000
19970502	0.0305
19970505	0.0296
19970506	-0.0105
19970507	-0.0148
19970508	0.0000
19970509	0.0000
19970512	-0.0177
19970513	-0.0013
19970514	0.0082
19970515	-0.0356
19970516	-0.0081
19970519	0.0000
19970520	-0.0256
19970521	0.0101
19970522	0.0000
19970523	0.0391
19970526	0.0248
19970527	0.0107
19970528	-0.0404
19970529	0.0013
19970530	-0.0283
19970602	0.0059
19970603	0.0153
19970604	-0.0022
19970605	0.0107
19970606	-0.0053
19970609	-0.0265
19970610	-0.0101
19970611	0.0000
19970612	0.0299
19970613	0.0080
19970616	-0.0089
19970617	-0.0140
19970618	0.0277
19970619	0.0044
19970620	-0.0137
19970623	-0.0103
19970624	0.0022
19970625	0.0040
19970626	0.0098
19970627	-0.0009
19970630	-0.0036
19970701	0.0044
19970702	0.0114
19970703	0.0293
19970704	-0.0120
19970707	0.0047
19970708	0.0157
19970709	0.0000
19970710	-0.0170
19970711	0.0132
19970714	0.0333
19970715	-0.0090
19970716	-0.0008
19970717	-0.0091
19970718	-0.0301
19970721	-0.0112
19970722	0.0138
19970723	-0.0013
19970724	-0.0009
19970725	0.0170
19970728	-0.0183
19970729	-0.0399
19970730	0.0304
19970731	0.0164
19970801	-0.0129
19970804	-0.0043
19970805	0.0048
19970806	-0.0157
19970807	0.0066
19970808	-0.0105
19970811	-0.0009
19970812	-0.0009
19970813	-0.0273
19970814	-0.0403
19970815	-0.0288
19970818	0.0010
19970819	0.0372
19970820	0.0259
19970821	-0.0046
19970822	-0.0436
19970825	0.0091
19970826	-0.0245
19970827	0.0116
19970828	-0.0160
19970829	-0.0222
19970901	0.0149
19970902	0.0481
19970903	-0.0104
19970904	-0.0090
19970905	-0.0111
19970908	0.0187
19970909	0.0253
19970910	-0.0042
19970911	-0.0159
19970912	-0.0258
19970915	0.0427
19970916	0.0275
19970917	-0.0100
19970918	-0.0245
19970919	-0.0085
19970922	0.0252
19970923	-0.0051
19970924	0.0260
19970925	0.0205
19970926	0.0389
19970929	-0.0060
19970930	0.0077
19971001	0.0147
19971002	-0.0046
19971003	0.0000
19971006	-0.0165
19971007	-0.0168
19971008	-0.0078
19971009	-0.0252
19971010	0.0040
19971013	0.0229
19971014	-0.0136
19971015	-0.0053
19971016	-0.0089
19971017	-0.0287
19971020	-0.0130
19971021	0.0088
19971022	0.0152
19971023	-0.0161
19971024	-0.0117
19971027	-0.0471
19971028	-0.0687
19971029	0.0474
19971030	-0.0147
19971031	0.0227
19971103	0.0139
19971104	0.0000
19971105	0.0064
19971106	0.0044
19971107	-0.0535
19971110	-0.0249
19971111	0.0005
19971112	-0.0310
19971113	-0.0049
19971114	0.0200
19971117	0.0347
19971118	0.0305
19971119	0.0119
19971120	0.0196
19971121	0.0015
19971124	-0.0117
19971125	-0.0173
19971126	0.0319
19971127	0.0048
19971128	0.0110
19971201	0.0510
19971202	0.0036
19971203	0.0022
19971204	0.0112
19971205	0.0004
19971208	-0.0103
19971209	0.0045
19971210	-0.0272
19971211	-0.0460
19971212	0.0000
19971215	-0.0077
19971216	0.0106
19971217	-0.0125
19971218	-0.0137
19971219	-0.0427
19971222	0.0046
19971223	0.0015
19971224	0.0000
19971225	0.0000
19971226	0.0000
19971229	0.0512
19971230	0.0268
19971231	0.0000
19980101	0.0000
19980102	0.0366
19980105	0.0068
19980106	-0.0187
19980107	-0.0051
19980108	-0.0130
19980109	-0.0247
19980112	-0.0482
19980113	0.0185
19980114	0.0074
19980115	0.0025
19980116	0.0136
19980119	0.0154
19980120	0.0161
19980121	0.0037
19980122	-0.0037
19980123	-0.0276
19980126	0.0053
19980127	0.0325
19980128	0.0175
19980129	0.0367
19980130	0.0127
19980202	0.0253
19980203	0.0051
19980204	-0.0153
19980205	-0.0034
19980206	-0.0021
19980209	0.0128
19980210	0.0268
19980211	0.0397
19980212	-0.0048
19980213	0.0004
19980216	0.0123
19980217	0.0106
19980218	-0.0027
19980219	-0.0158
19980220	0.0055
19980223	0.0215
19980224	0.0092
19980225	0.0257
19980226	0.0265
19980227	0.0582
19980302	0.0277
19980303	0.0126
19980304	-0.0280
19980305	-0.0102
19980306	0.0129
19980309	-0.0041
19980310	0.0000
19980311	0.0027
19980312	-0.0195
19980313	0.0157
19980316	-0.0027
19980317	0.0075
19980318	0.0148
19980319	0.0645
19980320	0.0544
19980323	-0.0164
19980324	0.0093
19980325	-0.0069
19980326	-0.0148
19980327	0.0052
19980330	0.0135
19980331	-0.0322
19980401	0.0159
19980402	0.0581
19980403	0.0023
19980406	-0.0176
19980407	-0.0009
19980408	-0.0047
19980409	0.0026
19980410	0.0000
19980413	0.0000
19980414	-0.0111
19980415	-0.0318
19980416	-0.0197
19980417	0.0351
19980420	-0.0084
19980421	-0.0313
19980422	-0.0227
19980423	-0.0067
19980424	-0.0227
19980427	-0.0156
19980428	0.0205
19980429	0.0029
19980430	0.0415
19980501	0.0000
19980504	0.0235
19980505	-0.0241
19980506	0.0192
19980507	-0.0468
19980508	0.0122
19980511	0.0070
19980512	0.0032
19980513	0.0316
19980514	-0.0366
19980515	0.0035
19980518	-0.0330
19980519	0.0433
19980520	0.0731
19980521	0.0000
19980522	-0.0155
19980525	0.0056
19980526	0.0294
19980527	-0.0239
19980528	0.0380
19980529	-0.0244
19980601	0.0000
19980602	0.0094
19980603	0.0203
19980604	0.0053
19980605	0.0413
19980608	0.0252
19980609	0.0008
19980610	-0.0115
19980611	0.0000
19980612	-0.0361
19980615	-0.0321
19980616	0.0067
19980617	0.0067
19980618	-0.0056
19980619	-0.0352
19980622	-0.0254
19980623	0.0167
19980624	0.0041
19980625	0.0342
19980626	0.0017
19980629	0.0061
19980630	-0.0061
19980701	0.0011
19980702	0.0056
19980703	0.0102
19980706	0.0150
19980707	0.0422
19980708	0.0010
19980709	-0.0311
19980710	0.0262
19980713	-0.0129
19980714	0.0061
19980715	0.0084
19980716	0.0047
19980717	0.0013
19980720	-0.0257
19980721	-0.0313
19980722	-0.0196
19980723	-0.0652
19980724	0.0116
19980727	-0.0146
19980728	0.0274
19980729	0.0207
19980730	-0.0092
19980731	-0.0330
19980803	-0.0376
19980804	-0.0134
19980805	0.0034
19980806	-0.0129
19980807	0.0063
19980810	-0.0296
19980811	0.0006
19980812	-0.0055
19980813	-0.0307
19980814	0.0192
19980817	0.0075
19980818	0.0315
19980819	-0.0013
19980820	-0.0260
19980821	-0.0665
19980824	-0.0292
19980825	0.0128
19980826	-0.0114
19980827	-0.0290
19980828	-0.0443
19980831	-0.0155
19980901	-0.0624
19980902	0.0447
19980903	-0.0644
19980904	0.0304
19980907	0.0563
19980908	0.0448
19980909	-0.0759
19980910	-0.0198
19980911	0.0041
19980914	-0.0033
19980915	-0.0332
19980916	-0.0042
19980917	-0.0549
19980918	-0.0430
19980921	-0.0945
19980922	0.0408
19980923	0.0691
19980924	-0.0172
19980925	-0.0328
19980928	0.0897
19980929	0.0253
19980930	-0.1059
19981001	-0.0587
19981002	0.0573
19981005	-0.0010
19981006	0.0460
19981007	-0.0654
19981008	-0.1207
19981009	0.0627
19981012	0.0774
19981013	-0.0417
19981014	0.0431
19981015	-0.0130
19981016	0.0447
19981019	0.0009
19981020	0.0717
19981021	-0.0303
19981022	-0.0587
19981023	0.0047
19981026	0.0460
19981027	0.0375
19981028	-0.0087
19981029	-0.0172
19981030	0.0172
19981102	0.0377
19981103	-0.0281
19981104	0.0243
19981105	-0.0042
19981106	-0.0128
19981109	-0.0143
19981110	-0.0629
19981111	-0.0107
19981112	-0.0519
19981113	0.0416
19981116	0.0331
19981117	0.0046
19981118	0.0131
19981119	0.0152
19981120	0.0154
19981123	0.0246
19981124	0.0009
19981125	0.0273
19981126	0.0497
19981127	0.0693
19981130	-0.0630
19981201	-0.0748
19981202	-0.0537
19981203	-0.0202
19981204	-0.0585
19981207	0.0000
19981208	0.0038
19981209	0.0019
19981210	0.0076
19981211	-0.0236
19981214	0.0429
19981215	-0.0245
19981216	0.0231
19981217	0.0074
19981218	-0.0253
19981221	0.1055
19981222	0.0170
19981223	0.0371
19981224	0.0000
19981225	0.0000
19981228	0.0463
19981229	-0.0275
19981230	-0.0156
19981231	0.0000
19990101	0.0000
19990104	0.0702
19990105	0.0120
19990106	0.0571
19990107	-0.0245
19990108	0.0147
19990111	-0.0328
19990112	-0.0389
19990113	-0.0464
19990114	-0.0643
19990115	-0.0026
19990118	0.0148
19990119	-0.0114
19990120	0.0449
19990121	-0.0160
19990122	-0.0323
19990125	0.0051
19990126	-0.0180
19990127	0.0146
19990128	0.0000
19990129	0.0211
19990201	0.0091
19990202	-0.0041
19990203	-0.0096
19990204	0.0622
19990205	0.0137
19990208	0.0824
19990209	-0.0137
19990210	-0.0091
19990211	-0.0044
19990212	0.0240
19990215	0.0294
19990216	0.0024
19990217	-0.0236
19990218	-0.0385
19990219	0.0077
19990222	-0.0155
19990223	-0.0045
19990224	-0.0351
19990225	-0.0105
19990226	-0.0146
19990301	-0.0205
19990302	-0.0255
19990303	-0.0391
19990304	0.0082
19990305	0.0179
19990308	-0.0038
19990309	0.0185
19990310	-0.0326
19990311	-0.0065
19990312	0.0099
19990315	-0.0052
19990316	0.0039
19990317	0.0271
19990318	0.0264
19990319	0.0312
19990322	-0.0175
19990323	-0.0318
19990324	-0.0012
19990325	0.0430
19990326	-0.0422
19990329	0.0370
19990330	-0.0287
19990331	-0.0436
19990401	-0.0009
19990402	0.0000
19990405	0.0000
19990406	0.0225
19990407	-0.0127
19990408	0.0231
19990409	0.0214
19990412	0.0133
19990413	-0.0032
19990414	0.0152
19990415	0.0185
19990416	-0.0019
19990419	-0.0063
19990420	-0.0360
19990421	0.0045
19990422	0.0125
19990423	0.0268
19990426	0.0155
19990427	-0.0062
19990428	-0.0097
19990429	-0.0129
19990430	0.0242
19990503	0.0065
19990504	-0.0011
19990505	0.0239
19990506	-0.0246
19990507	0.0235
19990510	-0.0281
19990511	0.0073
19990512	-0.0146
19990513	0.0000
19990514	0.0000
19990517	0.0046
19990518	-0.0046
19990519	-0.0152
19990520	-0.0304
19990521	0.0261
19990524	0.0000
19990525	-0.0200
19990526	-0.0142
19990527	-0.0261
19990528	-0.0217
19990531	0.0086
19990601	0.0026
19990602	0.0338
19990603	0.0000
19990604	0.0247
19990607	0.0214
19990608	-0.0400
19990609	0.0353
19990610	-0.0139
19990611	0.0174
19990614	0.0039
19990615	-0.0059
19990616	-0.0167
19990617	0.0052
19990618	-0.0169
19990621	0.0635
19990622	0.0310
19990623	-0.0291
19990624	-0.0414
19990625	0.0238
19990628	0.0092
19990629	-0.0174
19990630	0.0023
19990701	0.0407
19990702	-0.0127
19990705	0.0142
19990706	-0.0142
19990707	0.0257
19990708	0.0175
19990709	0.0133
19990712	0.0271
19990713	-0.0476
19990714	-0.0029
19990715	0.0138
19990716	0.0000
19990719	0.0178
19990720	-0.0096
19990721	0.0068
19990722	-0.0532
19990723	-0.0189
19990726	-0.0251
19990727	0.0297
19990728	0.0064
19990729	0.0179
19990730	0.0488
19990802	-0.0089
19990803	-0.0238
19990804	0.0337
19990805	-0.0428
19990806	-0.0171
19990809	0.0171
19990810	-0.0272
19990811	0.0217
19990812	0.0377
19990813	0.0075
19990816	-0.0032
19990817	-0.0139
19990818	0.0122
19990819	-0.0025
19990820	0.0201
19990823	-0.0060
19990824	0.0007
19990825	-0.0077
19990826	0.0217
19990827	0.0390
19990830	-0.0017
19990831	-0.0067
19990901	-0.0152
19990902	-0.0326
19990903	0.0451
19990906	0.0097
19990907	0.0257
19990908	0.0448
19990909	-0.0252
19990910	-0.0173
19990913	0.0126
19990914	-0.0378
19990915	0.0253
19990916	-0.0417
19990917	-0.0205
19990920	-0.0139
19990921	0.0104
19990922	-0.0281
19990923	0.0298
19990924	-0.0441
19990927	-0.0124
19990928	-0.0147
19990929	0.0030
19990930	-0.0179
19991001	0.0097
19991004	0.0761
19991005	0.0117
19991006	-0.0086
19991007	0.0048
19991008	-0.0058
19991011	-0.0104
19991012	-0.0105
19991013	-0.0142
19991014	-0.0268
19991015	0.0135
19991018	0.0007
19991019	0.0165
19991020	0.0277
19991021	-0.0242
19991022	0.0204
19991025	0.0073
19991026	0.0322
19991027	-0.0118
19991028	0.0462
19991029	-0.0169
19991101	0.0108
19991102	-0.0360
19991103	-0.0263
19991104	-0.0087
19991105	-0.0123
19991108	0.0053
19991109	0.0181
19991110	0.0079
19991111	-0.0473
19991112	-0.0549
19991115	-0.0292
19991116	0.0178
19991117	0.0084
19991118	0.0177
19991119	0.0214
19991122	-0.0289
19991123	-0.0190
19991124	0.0152
19991125	0.0038
19991126	-0.0267
19991129	-0.0046
19991130	0.0234
19991201	0.0394
19991202	-0.0091
19991203	0.0222
19991206	0.0104
19991207	-0.0107
19991208	-0.0251
19991209	0.0215
19991210	0.0036
19991213	-0.0479
19991214	0.0150
19991215	0.0221
19991216	0.1117
19991217	-0.0280
19991220	-0.0169
19991221	0.0068
19991222	-0.0368
19991223	0.0452
19991224	0.0000
19991227	0.0050
19991228	0.0100
19991229	0.0228
19991230	0.0000
19991231	0.0000
20000103	-0.0499
20000104	-0.0412
20000105	-0.0200
20000106	-0.0032
20000107	-0.0018
20000110	0.0391
20000111	-0.0035
20000112	-0.0144
20000113	-0.0284
20000114	-0.0073
20000117	0.0029
20000118	-0.0103
20000119	0.0216
20000120	-0.0517
20000121	-0.0173
20000124	-0.0396
20000125	-0.0591
20000126	0.0469
20000127	-0.0082
20000128	0.0313
20000131	-0.0584
20000201	0.0251
20000202	0.0033
20000203	0.0568
20000204	-0.0094
20000207	-0.0142
20000208	-0.0040
20000209	0.0000
20000210	0.0334
20000211	-0.0078
20000214	-0.0118
20000215	-0.0139
20000216	0.0237
20000217	-0.0157
20000218	0.0389
20000221	0.0502
20000222	0.0072
20000223	-0.0311
20000224	0.0000
20000225	0.0037
20000228	-0.0335
20000229	0.0208
20000301	0.0093
20000302	-0.0004
20000303	-0.0340
20000306	-0.0077
20000307	-0.0184
20000308	0.0176
20000309	-0.0031
20000310	0.0193
20000313	0.0133
20000314	0.0282
20000315	0.1283
20000316	0.0223
20000317	-0.0570
20000320	0.0234
20000321	0.0753
20000322	0.0400
20000323	-0.0310
20000324	0.0119
20000327	-0.0377
20000328	0.0183
20000329	0.0370
20000330	-0.0138
20000331	-0.0233
20000403	0.0000
20000404	0.0230
20000405	-0.0215
20000406	-0.0306
20000407	-0.0268
20000410	0.0360
20000411	-0.0015
20000412	0.0015
20000413	-0.0124
20000414	-0.0381
20000417	0.0161
20000418	-0.0423
20000419	-0.0033
20000420	0.0003
20000421	0.0000
20000424	0.0000
20000425	0.0227
20000426	-0.0065
20000427	-0.0099
20000428	-0.0201
20000501	0.0000
20000502	0.0622
20000503	-0.0241
20000504	0.0241
20000505	0.0432
20000508	0.0109
20000509	0.0355
20000510	-0.0250
20000511	0.0118
20000512	-0.0299
20000515	-0.0125
20000516	0.0275
20000517	-0.0527
20000518	-0.0329
20000519	-0.0082
20000522	-0.0033
20000523	0.0098
20000524	0.0461
20000525	0.0170
20000526	-0.0126
20000529	0.0049
20000530	-0.0031
20000531	0.0077
20000601	0.0161
20000602	0.0230
20000605	-0.0221
20000606	-0.0057
20000607	-0.0299
20000608	-0.0034
20000609	0.0217
20000612	0.0164
20000613	0.0286
20000614	0.0058
20000615	0.0026
20000616	-0.0467
20000619	0.0118
20000620	-0.0076
20000621	-0.0125
20000622	-0.0086
20000623	-0.0175
20000626	-0.0060
20000627	-0.0134
20000628	0.0115
20000629	0.0457
20000630	-0.0393
20000703	0.0225
20000704	0.0298
20000705	0.0033
20000706	0.0784
20000707	-0.0478
20000710	0.0009
20000711	0.0422
20000712	0.0432
20000713	0.0050
20000714	-0.0369
20000717	-0.0166
20000718	0.0185
20000719	-0.0194
20000720	0.0591
20000721	-0.0264
20000724	0.0137
20000725	-0.0210
20000726	0.0103
20000727	-0.0057
20000728	-0.0120
20000731	0.0150
20000801	-0.0219
20000802	-0.0238
20000803	0.0265
20000804	0.0028
20000807	0.0082
20000808	-0.0027
20000809	0.0216
20000810	-0.0054
20000811	0.0147
20000814	-0.0174
20000815	-0.0122
20000816	0.0229
20000817	0.0000
20000818	-0.0284
20000821	-0.0030
20000822	0.0180
20000823	-0.0054
20000824	0.0122
20000825	0.0027
20000828	0.0096
20000829	0.0116
20000830	-0.0511
20000831	0.0085
20000901	-0.0074
20000904	0.0194
20000905	0.0054
20000906	-0.0095
20000907	0.0299
20000908	0.0003
20000911	-0.0125
20000912	0.0122
20000913	-0.0354
20000914	0.0181
20000915	-0.0157
20000918	0.0035
20000919	0.0294
20000920	-0.0502
20000921	0.0402
20000922	-0.0077
20000925	-0.0094
20000926	0.0174
20000927	-0.0256
20000928	0.0349
20000929	0.0209
20001002	0.0242
20001003	0.0000
20001004	0.0371
20001005	0.0094
20001006	-0.0541
20001009	-0.0074
20001010	0.0036
20001011	0.0036
20001012	-0.0102
20001013	-0.0299
20001016	0.0095
20001017	-0.0081
20001018	-0.0295
20001019	0.0258
20001020	-0.0228
20001023	0.0127
20001024	-0.0038
20001025	0.0083
20001026	0.0040
20001027	0.0142
20001030	-0.0058
20001031	0.0262
20001101	0.0122
20001102	-0.0153
20001103	0.0279
20001106	0.0010
20001107	-0.0148
20001108	-0.0125
20001109	0.0036
20001110	-0.0090
20001113	-0.0127
20001114	0.0334
20001115	0.0111
20001116	-0.0253
20001117	-0.0247
20001120	-0.0307
20001121	-0.0123
20001122	-0.0412
20001123	0.0026
20001124	-0.0031
20001127	0.0162
20001128	0.0297
20001129	-0.0041
20001130	-0.0652
20001201	-0.0213
20001204	-0.0236
20001205	0.0390
20001206	0.0135
20001207	-0.0179
20001208	0.0437
20001211	0.0085
20001212	-0.0037
20001213	-0.0179
20001214	-0.0066
20001215	-0.0213
20001218	0.0088
20001219	0.0404
20001220	-0.0372
20001221	-0.0236
20001222	-0.0153
20001225	0.0000
20001226	0.0000
20001227	0.0873
20001228	-0.0572
20001229	0.0261
20010101	0.0000
20010102	-0.0197
20010103	0.0090
20010104	0.0204
20010105	0.0672
20010108	-0.0053
20010109	-0.0110
20010110	-0.0296
20010111	-0.0325
20010112	-0.0014
20010115	0.0219
20010116	-0.0170
20010117	0.0428
20010118	0.0003
20010119	0.0133
20010122	0.0397
20010123	0.0157
20010124	-0.0170
20010125	-0.0157
20010126	0.0071
20010129	-0.0084
20010130	-0.0032
20010131	0.0016
20010201	0.0223
20010202	-0.0167
20010205	0.0000
20010206	0.0247
20010207	0.0008
20010208	-0.0059
20010209	-0.0052
20010212	0.0144
20010213	-0.0189
20010214	0.0166
20010215	0.0256
20010216	-0.0351
20010219	0.0243
20010220	0.0073
20010221	0.0040
20010222	-0.0207
20010223	0.0005
20010226	-0.0350
20010227	0.0053
20010228	-0.0106
20010301	0.0213
20010302	0.0088
20010305	0.0051
20010306	-0.0342
20010307	0.0029
20010308	0.0310
20010309	0.0072
20010312	-0.0206
20010313	-0.0149
20010314	-0.0716
20010315	-0.0065
20010316	0.0034
20010319	-0.0034
20010320	-0.0115
20010321	-0.0213
20010322	-0.0564
20010323	0.0304
20010326	0.0165
20010327	0.0502
20010328	0.0068
20010329	0.0176
20010330	-0.0461
20010402	0.0061
20010403	-0.0351
20010404	0.0174
20010405	0.0183
20010406	-0.0058
20010409	0.0254
20010410	-0.0076
20010411	0.0163
20010412	0.0210
20010413	0.0000
20010416	0.0000
20010417	0.0025
20010418	0.0071
20010419	0.0132
20010420	0.0162
20010423	-0.0181
20010424	0.0043
20010425	0.0082
20010426	0.0053
20010427	-0.0210
20010430	0.0051
20010501	0.0000
20010502	0.0496
20010503	-0.0008
20010504	0.0046
20010507	-0.0110
20010508	0.0008
20010509	0.0107
20010510	0.0482
20010511	-0.0237
20010514	-0.0037
20010515	0.0025
20010516	0.0164
20010517	-0.0164
20010518	0.0266
20010521	-0.0094
20010522	-0.0172
20010523	-0.0060
20010524	0.0062
20010525	-0.0092
20010528	0.0015
20010529	-0.0222
20010530	-0.0023
20010531	0.0245
20010601	-0.0100
20010604	0.0050
20010605	0.0067
20010606	0.0005
20010607	0.0207
20010608	-0.0180
20010611	-0.0075
20010612	-0.0113
20010613	0.0043
20010614	-0.0224
20010615	-0.0324
20010618	0.0069
20010619	0.0011
20010620	0.0066
20010621	0.0052
20010622	0.0070
20010625	-0.0073
20010626	-0.0142
20010627	0.0222
20010628	0.0039
20010629	0.0077
20010702	0.0117
20010703	-0.0003
20010704	0.0123
20010705	0.0045
20010706	-0.0067
20010709	0.0000
20010710	-0.0050
20010711	0.0125
20010712	-0.0112
20010713	0.0030
20010716	-0.0043
20010717	-0.0043
20010718	-0.0204
20010719	-0.0008
20010720	0.0133
20010723	-0.0018
20010724	-0.0072
20010725	0.0166
20010726	0.0101
20010727	-0.0003
20010730	-0.0003
20010731	0.0112
20010801	0.0000
20010802	-0.0012
20010803	-0.0075
20010806	0.0087
20010807	-0.0100
20010808	-0.0243
20010809	-0.0100
20010810	-0.0086
20010813	0.0073
20010814	0.0047
20010815	-0.0185
20010816	-0.0520
20010817	-0.0335
20010820	0.0057
20010821	-0.0043
20010822	0.0133
20010823	0.0146
20010824	0.0163
20010827	-0.0091
20010828	-0.0271
20010829	0.0020
20010830	-0.0014
20010831	0.0014
20010903	-0.0043
20010904	0.0493
20010905	0.0005
20010906	-0.0035
20010907	-0.0239
20010910	-0.0310
20010911	-0.0530
20010912	-0.0473
20010913	-0.0166
20010914	-0.1142
20010917	0.0115
20010918	-0.0079
20010919	-0.0422
20010920	-0.0985
20010921	0.0532
20010924	0.0719
20010925	-0.0380
20010926	-0.0091
20010927	0.0279
20010928	0.0430
20011001	0.0050
20011002	0.0482
20011003	0.0378
20011004	0.0229
20011005	-0.0054
20011008	0.0240
20011009	-0.0044
20011010	0.0162
20011011	0.0532
20011012	-0.0306
20011015	-0.0003
20011016	0.0072
20011017	0.0069
20011018	-0.0054
20011019	-0.0069
20011022	0.0315
20011023	0.0168
20011024	0.0151
20011025	-0.0360
20011026	0.0134
20011029	-0.0205
20011030	-0.0327
20011031	0.0085
20011101	0.0307
20011102	0.0053
20011105	0.0373
20011106	-0.0205
20011107	0.0631
20011108	0.0078
20011109	0.0003
20011112	-0.0189
20011113	0.0390
20011114	-0.0029
20011115	0.0175
20011116	0.0034
20011119	0.0166
20011120	-0.0174
20011121	-0.0059
20011122	-0.0065
20011123	0.0145
20011126	0.0000
20011127	-0.0276
20011128	-0.0184
20011129	-0.0108
20011130	-0.0206
20011203	0.0152
20011204	0.0122
20011205	0.0646
20011206	-0.0056
20011207	-0.0297
20011210	0.0050
20011211	-0.0037
20011212	-0.0005
20011213	-0.0220
20011214	-0.0089
20011217	0.0457
20011218	-0.0117
20011219	-0.0052
20011220	0.0026
20011221	0.0340
20011224	0.0000
20011225	0.0000
20011226	0.0000
20011227	0.0046
20011228	-0.0127
20011231	0.0000
20020101	0.0000
20020102	0.0202
20020103	0.0208
20020104	0.0148
20020107	-0.0269
20020108	0.0074
20020109	0.0025
20020110	-0.0074
20020111	-0.0263
20020114	-0.0195
20020115	-0.0141
20020116	-0.0212
20020117	0.0249
20020118	-0.0047
20020121	-0.0106
20020122	0.0037
20020123	0.0111
20020124	-0.0016
20020125	0.0099
20020128	0.0455
20020129	0.0177
20020130	0.0066
20020131	0.0376
20020201	-0.0103
20020204	-0.0145
20020205	-0.0038
20020206	-0.0315
20020207	-0.0077
20020208	0.0203
20020211	-0.0015
20020212	-0.0059
20020213	0.0219
20020214	0.0115
20020215	-0.0193
20020218	0.0087
20020219	-0.0085
20020220	-0.0034
20020221	0.0119
20020222	-0.0274
20020225	0.0310
20020226	0.0024
20020227	0.0041
20020228	0.0161
20020301	0.0391
20020304	0.0045
20020305	0.0089
20020306	-0.0150
20020307	-0.0014
20020308	0.0061
20020311	0.0081
20020312	-0.0153
20020313	0.0041
20020314	-0.0023
20020315	0.0399
20020318	0.0000
20020319	0.0130
20020320	-0.0119
20020321	0.0291
20020322	-0.0076
20020325	-0.0335
20020326	-0.0071
20020327	-0.0018
20020328	0.0117
20020329	0.0000
20020401	0.0000
20020402	-0.0057
20020403	-0.0049
20020404	-0.0134
20020405	0.0047
20020408	0.0009
20020409	-0.0031
20020410	0.0164
20020411	-0.0277
20020412	0.0077
20020415	0.0000
20020416	0.0288
20020417	-0.0044
20020418	-0.0033
20020419	0.0120
20020422	-0.0187
20020423	0.0042
20020424	-0.0049
20020425	-0.0195
20020426	-0.0091
20020429	-0.0103
20020430	0.0140
20020501	0.0000
20020502	0.0211
20020503	-0.0157
20020506	0.0068
20020507	0.0067
20020508	0.0264
20020509	-0.0044
20020510	0.0256
20020513	0.0045
20020514	-0.0085
20020515	-0.0140
20020516	0.0161
20020517	0.0137
20020520	-0.0074
20020521	0.0051
20020522	-0.0051
20020523	-0.0190
20020524	0.0019
20020527	0.0011
20020528	-0.0050
20020529	-0.0102
20020530	-0.0196
20020531	0.0212
20020603	-0.0276
20020604	-0.0097
20020605	0.0063
20020606	0.0083
20020607	-0.0132
20020610	0.0000
20020611	0.0223
20020612	-0.0167
20020613	-0.0578
20020614	-0.0518
20020617	0.0591
20020618	-0.0050
20020619	-0.0163
20020620	-0.0361
20020621	-0.0453
20020624	-0.0063
20020625	0.0529
20020626	0.0124
20020627	0.0074
20020628	0.0076
20020701	0.0010
20020702	-0.0258
20020703	-0.0151
20020704	0.0213
20020705	0.0488
20020708	0.0031
20020709	0.0073
20020710	-0.0456
20020711	0.0088
20020712	-0.0002
20020715	-0.0548
20020716	-0.0059
20020717	0.0191
20020718	0.0128
20020719	-0.0363
20020722	-0.0710
20020723	-0.0086
20020724	0.0244
20020725	-0.0102
20020726	0.0178
20020729	0.0830
20020730	-0.0010
20020731	-0.0395
20020801	-0.0126
20020802	0.0089
20020805	-0.0402
20020806	0.0645
20020807	0.0066
20020808	-0.0246
20020809	-0.0091
20020812	-0.0003
20020813	0.0274
20020814	0.0025
20020815	0.0214
20020816	-0.0178
20020819	0.0245
20020820	-0.0276
20020821	0.0089
20020822	-0.0043
20020823	-0.0189
20020826	-0.0052
20020827	0.0261
20020828	-0.0269
20020829	-0.0138
20020830	0.0128
20020902	-0.0327
20020903	-0.0363
20020904	-0.0202
20020905	0.0014
20020906	0.0279
20020909	0.0047
20020910	0.0152
20020911	0.0153
20020912	-0.0491
20020913	-0.0197
20020916	0.0141
20020917	-0.0039
20020918	-0.0412
20020919	-0.0435
20020920	0.0459
20020923	-0.0106
20020924	-0.0576
20020925	0.0078
20020926	0.0666
20020927	-0.0020
20020930	-0.0521
20021001	0.0312
20021002	0.0366
20021003	-0.0441
20021004	-0.0252
20021007	-0.0065
20021008	-0.0395
20021009	-0.0351
20021010	0.0254
20021011	0.0798
20021014	-0.0121
20021015	0.0562
20021016	0.0083
20021017	0.0625
20021018	-0.0092
20021021	0.0180
20021022	-0.0223
20021023	-0.0162
20021024	0.0129
20021025	-0.0126
20021028	0.0302
20021029	-0.0702
20021030	-0.0046
20021031	0.0399
20021101	-0.0056
20021104	0.0316
20021105	-0.0092
20021106	-0.0700
20021107	-0.0306
20021108	-0.0347
20021111	0.0207
20021112	0.0224
20021113	-0.0157
20021114	0.0279
20021115	-0.0125
20021118	-0.0042
20021119	-0.0081
20021120	-0.0159
20021121	0.0306
20021122	-0.0075
20021125	-0.0290
20021126	-0.0040
20021127	0.0476
20021128	0.0138
20021129	-0.0029
20021202	0.0056
20021203	-0.0263
20021204	0.0350
20021205	-0.0380
20021206	-0.0060
20021209	-0.0397
20021210	0.0440
20021211	-0.0091
20021212	-0.0466
20021213	-0.0160
20021216	0.0100
20021217	-0.0084
20021218	-0.0493
20021219	-0.0003
20021220	0.0071
20021223	-0.0139
20021224	0.0000
20021225	0.0000
20021226	0.0000
20021227	-0.0465
20021230	0.0334
20021231	0.0000
20030101	0.0000
20030102	0.0466
20030103	-0.0100
20030106	0.0175
20030107	-0.0155
20030108	-0.0565
20030109	0.0035
20030110	0.0205
20030113	0.0174
20030114	-0.0098
20030115	-0.0329
20030116	0.0081
20030117	-0.0251
20030120	0.0142
20030121	0.0067
20030122	-0.0238
20030123	-0.0336
20030124	-0.0264
20030127	0.0046
20030128	0.0072
20030129	0.0297
20030130	-0.0222
20030131	0.0208
20030203	0.0142
20030204	-0.0323
20030205	0.0338
20030206	-0.0330
20030207	-0.0342
20030210	-0.0039
20030211	0.0058
20030212	-0.0250
20030213	-0.0301
20030214	0.0531
20030217	0.0119
20030218	-0.0100
20030219	-0.0369
20030220	-0.0243
20030221	0.0492
20030224	-0.0197
20030225	-0.0036
20030226	-0.0550
20030227	0.0614
20030228	0.0313
20030303	0.0134
20030304	-0.0868
20030305	-0.0100
20030306	-0.0306
20030307	-0.0061
20030310	-0.0299
20030311	-0.0476
20030312	-0.0104
20030313	0.0752
20030314	0.0294
20030317	0.0240
20030318	0.0400
20030319	0.0507
20030320	0.0240
20030321	0.0321
20030324	-0.0820
20030325	0.0371
20030326	-0.0091
20030327	0.0027
20030328	-0.0030
20030331	-0.0351
20030401	0.0225
20030402	0.0590
20030403	0.0072
20030404	0.0182
20030407	0.0712
20030408	-0.0471
20030409	-0.0118
20030410	0.0031
20030411	0.0069
20030414	0.0286
20030415	0.0123
20030416	-0.0164
20030417	0.0227
20030418	0.0000
20030421	0.0000
20030422	0.0023
20030423	0.0098
20030424	-0.0429
20030425	-0.0127
20030428	0.0381
20030429	-0.0184
20030430	0.0077
20030501	0.0000
20030502	-0.0145
20030505	-0.0061
20030506	-0.0107
20030507	-0.0298
20030508	0.0110
20030509	0.0444
20030512	-0.0081
20030513	-0.0113
20030514	-0.0024
20030515	0.0045
20030516	-0.0173
20030519	-0.0578
20030520	-0.0288
20030521	0.0068
20030522	0.0239
20030523	-0.0104
20030526	0.0045
20030527	0.0026
20030528	0.0143
20030529	0.0170
20030530	0.0513
20030602	0.0000
20030603	-0.0020
20030604	0.0119
20030605	0.0013
20030606	0.0457
20030609	-0.0198
20030610	0.0121
20030611	0.0174
20030612	0.0010
20030613	0.0025
20030616	0.0272
20030617	0.0147
20030618	0.0163
20030619	-0.0438
20030620	0.0121
20030623	-0.0159
20030624	0.0177
20030625	-0.0034
20030626	0.0374
20030627	-0.0042
20030630	0.0033
20030701	-0.0294
20030702	0.0344
20030703	0.0118
20030704	0.0201
20030707	0.0109
20030708	0.0079
20030709	-0.0339
20030710	-0.0118
20030711	0.0167
20030714	0.0090
20030715	-0.0064
20030716	-0.0064
20030717	-0.0165
20030718	0.0053
20030721	-0.0224
20030722	0.0102
20030723	-0.0033
20030724	0.0155
20030725	0.0097
20030728	-0.0129
20030729	-0.0110
20030730	0.0042
20030731	0.0265
20030801	-0.0032
20030804	-0.0153
20030805	-0.0009
20030806	0.0074
20030807	-0.0148
20030808	-0.0066
20030811	-0.0003
20030812	0.0119
20030813	0.0232
20030814	0.0124
20030815	-0.0043
20030818	0.0171
20030819	0.0229
20030820	-0.0003
20030821	0.0366
20030822	-0.0069
20030825	-0.0065
20030826	-0.0232
20030827	-0.0058
20030828	-0.0017
20030829	0.0017
20030901	0.0122
20030902	0.0204
20030903	0.0323
20030904	0.0000
20030905	-0.0277
20030908	-0.0078
20030909	-0.0163
20030910	-0.0256
20030911	0.0198
20030912	-0.0274
20030915	0.0045
20030916	0.0076
20030917	0.0078
20030918	0.0127
20030919	0.0030
20030922	-0.0468
20030923	-0.0206
20030924	-0.0486
20030925	0.0021
20030926	0.0161
20030929	0.0024
20030930	-0.0238
20031001	0.0396
20031002	-0.0228
20031003	0.0442
20031006	0.0072
20031007	-0.0133
20031008	0.0023
20031009	0.0276
20031010	-0.0125
20031013	0.0063
20031014	-0.0009
20031015	0.0094
20031016	0.0079
20031017	-0.0192
20031020	-0.0118
20031021	-0.0175
20031022	-0.0015
20031023	-0.0056
20031024	-0.0134
20031027	0.0060
20031028	0.0160
20031029	-0.0133
20031030	0.0077
20031031	0.0176
20031103	0.0379
20031104	0.0061
20031105	-0.0208
20031106	0.0263
20031107	0.0353
20031110	-0.0083
20031111	0.0021
20031112	0.0093
20031113	-0.0035
20031114	0.0040
20031117	-0.0332
20031118	-0.0077
20031119	0.0019
20031120	-0.0069
20031121	0.0028
20031124	0.0260
20031125	0.0161
20031126	-0.0201
20031127	0.0172
20031128	-0.0205
20031201	0.0108
20031202	-0.0256
20031203	0.0107
20031204	0.0033
20031205	-0.0093
20031208	-0.0108
20031209	-0.0073
20031210	0.0053
20031211	0.0296
20031212	0.0019
20031215	0.0003
20031216	-0.0032
20031217	-0.0125
20031218	0.0142
20031219	0.0027
20031222	-0.0035
20031223	-0.0008
20031224	0.0000
20031225	0.0000
20031226	0.0000
20031229	0.0008
20031230	-0.0060
20031231	0.0000
20040101	0.0000
20040102	0.0149
20040105	0.0051
20040106	-0.0406
20040107	-0.0140
20040108	-0.0048
20040109	-0.0091
20040112	-0.0009
20040113	0.0190
20040114	0.0167
20040115	-0.0008
20040116	0.0134
20040119	-0.0085
20040120	-0.0110
20040121	-0.0011
20040122	-0.0117
20040123	-0.0056
20040126	0.0003
20040127	0.0068
20040128	0.0062
20040129	-0.0076
20040130	-0.0099
20040202	0.0116
20040203	-0.0247
20040204	-0.0168
20040205	-0.0162
20040206	0.0089
20040209	-0.0062
20040210	-0.0027
20040211	0.0133
20040212	-0.0018
20040213	-0.0089
20040216	-0.0021
20040217	0.0068
20040218	-0.0003
20040219	0.0112
20040220	-0.0177
20040223	0.0036
20040224	-0.0137
20040225	0.0024
20040226	0.0175
20040227	0.0126
20040301	0.0038
20040302	0.0336
20040303	-0.0011
20040304	0.0031
20040305	-0.0050
20040308	0.0123
20040309	-0.0086
20040310	-0.0244
20040311	-0.0347
20040312	0.0150
20040315	-0.0237
20040316	0.0024
20040317	0.0289
20040318	-0.0073
20040319	-0.0056
20040322	-0.0265
20040323	-0.0143
20040324	0.0028
20040325	0.0085
20040326	-0.0046
20040329	0.0160
20040330	0.0024
20040331	-0.0111
20040401	0.0245
20040402	0.0233
20040405	0.0100
20040406	-0.0112
20040407	-0.0216
20040408	0.0187
20040409	0.0000
20040412	0.0000
20040413	0.0206
20040414	-0.0174
20040415	0.0109
20040416	0.0014
20040419	0.0040
20040420	0.0118
20040421	0.0064
20040422	0.0231
20040423	0.0189
20040426	-0.0200
20040427	0.0084
20040428	-0.0100
20040429	-0.0176
20040430	-0.0008
20040503	0.0133
20040504	-0.0041
20040505	0.0014
20040506	-0.0364
20040507	0.0065
20040510	-0.0279
20040511	0.0078
20040512	-0.0029
20040513	0.0098
20040514	-0.0121
20040517	-0.0146
20040518	0.0132
20040519	0.0244
20040520	-0.0198
20040521	-0.0049
20040524	0.0035
20040525	-0.0102
20040526	0.0203
20040527	0.0054
20040528	-0.0086
20040531	0.0057
20040601	-0.0081
20040602	-0.0009
20040603	-0.0067
20040604	0.0072
20040607	0.0166
20040608	-0.0014
20040609	0.0065
20040610	0.0068
20040611	-0.0014
20040614	-0.0176
20040615	0.0054
20040616	0.0057
20040617	0.0003
20040618	-0.0017
20040621	-0.0034
20040622	-0.0117
20040623	0.0089
20040624	0.0167
20040625	-0.0070
20040628	0.0235
20040629	0.0025
20040630	0.0011
20040701	-0.0091
20040702	-0.0095
20040705	0.0014
20040706	-0.0138
20040707	0.0090
20040708	0.0084
20040709	-0.0003
20040712	-0.0118
20040713	0.0118
20040714	-0.0081
20040715	-0.0023
20040716	-0.0003
20040719	-0.0068
20040720	0.0023
20040721	0.0087
20040722	-0.0085
20040723	0.0079
20040726	-0.0107
20040727	0.0113
20040728	0.0299
20040729	0.0111
20040730	-0.0057
20040802	-0.0024
20040803	0.0057
20040804	-0.0394
20040805	-0.0161
20040806	-0.0334
20040809	-0.0086
20040810	0.0112
20040811	-0.0112
20040812	-0.0036
20040813	-0.0093
20040816	0.0173
20040817	-0.0042
20040818	0.0000
20040819	-0.0048
20040820	-0.0060
20040823	0.0185
20040824	0.0079
20040825	0.0015
20040826	0.0082
20040827	0.0023
20040830	-0.0070
20040831	-0.0123
20040901	0.0106
20040902	0.0061
20040903	0.0035
20040906	0.0052
20040907	0.0017
20040908	0.0040
20040909	-0.0138
20040910	0.0023
20040913	0.0212
20040914	0.0023
20040915	-0.0188
20040916	0.0140
20040917	0.0006
20040920	-0.0034
20040921	-0.0094
20040922	-0.0154
20040923	-0.0192
20040924	0.0056
20040927	-0.0059
20040928	-0.0069
20040929	0.0104
20040930	-0.0183
20041001	0.0274
20041004	0.0183
20041005	0.0046
20041006	-0.0040
20041007	0.0043
20041008	-0.0150
20041011	-0.0020
20041012	-0.0207
20041013	0.0065
20041014	-0.0018
20041015	0.0047
20041018	-0.0056
20041019	0.0101
20041020	-0.0130
20041021	-0.0006
20041022	-0.0057
20041025	-0.0295
20041026	0.0104
20041027	0.0170
20041028	0.0122
20041029	-0.0162
20041101	0.0173
20041102	0.0021
20041103	-0.0237
20041104	-0.0187
20041105	-0.0015
20041108	0.0068
20041109	-0.0006
20041110	0.0070
20041111	0.0142
20041112	-0.0109
20041115	-0.0040
20041116	-0.0083
20041117	-0.0040
20041118	0.0003
20041119	-0.0006
20041122	-0.0043
20041123	-0.0125
20041124	-0.0003
20041125	0.0031
20041126	-0.0019
20041129	0.0081
20041130	-0.0100
20041201	0.0053
20041202	0.0143
20041203	-0.0096
20041206	-0.0050
20041207	0.0028
20041208	0.0238
20041209	-0.0070
20041210	0.0009
20041213	0.0031
20041214	0.0091
20041215	-0.0061
20041216	0.0030
20041217	-0.0141
20041220	0.0071
20041221	0.0037
20041222	0.0166
20041223	-0.0024
20041224	0.0000
20041227	-0.0024
20041228	0.0039
20041229	-0.0033
20041230	0.0000
20041231	0.0000
20050103	0.0164
20050104	0.0197
20050105	0.0035
20050106	0.0049
20050107	-0.0032
20050110	-0.0029
20050111	-0.0111
20050112	-0.0079
20050113	-0.0128
20050114	0.0122
20050117	-0.0047
20050118	-0.0101
20050119	-0.0106
20050120	-0.0061
20050121	-0.0080
20050124	0.0012
20050125	0.0098
20050126	-0.0197
20050127	0.0025
20050128	-0.0087
20050131	0.0040
20050201	0.0185
20050202	-0.0052
20050203	0.0031
20050204	0.0052
20050207	0.0112
20050208	-0.0012
20050209	-0.0066
20050210	0.0057
20050211	0.0009
20050214	-0.0063
20050215	-0.0012
20050216	-0.0091
20050217	0.0018
20050218	-0.0028
20050221	0.0024
20050222	-0.0123
20050223	-0.0022
20050224	-0.0025
20050225	0.0059
20050228	0.0003
20050301	0.0043
20050302	0.0150
20050303	0.0076
20050304	-0.0039
20050307	0.0000
20050308	0.0063
20050309	-0.0063
20050310	0.0298
20050311	0.0186
20050314	-0.0040
20050315	-0.0017
20050316	-0.0093
20050317	-0.0047
20050318	0.0117
20050321	0.0113
20050322	0.0165
20050323	-0.0008
20050324	0.0023
20050325	0.0000
20050328	0.0000
20050329	-0.0045
20050330	-0.0006
20050331	-0.0071
20050401	0.0014
20050404	-0.0040
20050405	0.0083
20050406	-0.0028
20050407	-0.0017
20050408	-0.0089
20050411	0.0037
20050412	-0.0078
20050413	-0.0026
20050414	0.0058
20050415	-0.0221
20050418	-0.0262
20050419	0.0093
20050420	-0.0075
20050421	-0.0048
20050422	0.0066
20050425	0.0015
20050426	-0.0118
20050427	-0.0073
20050428	-0.0111
20050429	0.0126
20050502	0.0085
20050503	0.0048
20050504	0.0048
20050505	0.0045
20050506	0.0095
20050509	-0.0065
20050510	-0.0072
20050511	0.0081
20050512	0.0160
20050513	-0.0088
20050516	-0.0033
20050517	0.0053
20050518	0.0117
20050519	0.0035
20050520	0.0055
20050523	0.0058
20050524	-0.0012
20050525	-0.0046
20050526	0.0061
20050527	0.0037
20050530	0.0054
20050531	0.0020
20050601	0.0228
20050602	0.0168
20050603	-0.0124
20050606	0.0058
20050607	0.0166
20050608	-0.0041
20050609	-0.0022
20050610	0.0076
20050613	0.0091
20050614	-0.0035
20050615	-0.0217
20050616	0.0079
20050617	-0.0030
20050620	-0.0066
20050621	0.0166
20050622	0.0113
20050623	0.0037
20050624	-0.0204
20050627	-0.0060
20050628	0.0144
20050629	0.0094
20050630	0.0072
20050701	0.0095
20050704	0.0210
20050705	-0.0085
20050706	0.0013
20050707	-0.0273
20050708	0.0237
20050711	0.0134
20050712	-0.0137
20050713	0.0088
20050714	0.0072
20050715	-0.0003
20050718	-0.0003
20050719	0.0059
20050720	0.0036
20050721	-0.0048
20050722	-0.0082
20050725	0.0087
20050726	-0.0164
20050727	-0.0042
20050728	0.0073
20050729	0.0003
20050801	0.0054
20050802	0.0165
20050803	-0.0431
20050804	-0.0218
20050805	-0.0106
20050808	0.0143
20050809	0.0088
20050810	-0.0083
20050811	-0.0078
20050812	-0.0071
20050815	-0.0098
20050816	-0.0047
20050817	0.0091
20050818	0.0076
20050819	0.0103
20050822	0.0038
20050823	-0.0054
20050824	-0.0038
20050825	-0.0117
20050826	-0.0190
20050829	0.0033
20050830	-0.0011
20050831	0.0127
20050901	-0.0019
20050902	-0.0011
20050905	0.0164
20050906	0.0054
20050907	0.0107
20050908	-0.0064
20050909	0.0040
20050912	-0.0037
20050913	-0.0222
20050914	0.0022
20050915	0.0016
20050916	0.0098
20050919	-0.0003
20050920	0.0251
20050921	-0.0114
20050922	0.0008
20050923	0.0005
20050926	0.0268
20050927	-0.0036
20050928	0.0132
20050929	-0.0008
20050930	0.0049
20051003	0.0049
20051004	0.0182
20051005	-0.0118
20051006	-0.0218
20051007	0.0023
20051010	-0.0047
20051011	-0.0042
20051012	-0.0016
20051013	0.0023
20051014	-0.0044
20051017	-0.0045
20051018	-0.0050
20051019	-0.0138
20051020	-0.0143
20051021	-0.0008
20051024	0.0084
20051025	-0.0089
20051026	0.0081
20051027	-0.0114
20051028	-0.0044
20051031	-0.0088
20051101	0.0011
20051102	0.0030
20051103	-0.0180
20051104	-0.0152
20051107	0.0261
20051108	0.0162
20051109	-0.0090
20051110	-0.0108
20051111	0.0244
20051114	0.0035
20051115	0.0032
20051116	0.0000
20051117	0.0056
20051118	0.0091
20051121	0.0103
20051122	-0.0154
20051123	-0.0040
20051124	-0.0030
20051125	0.0011
20051128	-0.0008
20051129	0.0003
20051130	0.0027
20051201	0.0040
20051202	0.0085
20051205	0.0008
20051206	0.0032
20051207	-0.0135
20051208	-0.0003
20051209	0.0053
20051212	0.0000
20051213	-0.0043
20051214	-0.0048
20051215	-0.0102
20051216	0.0027
20051219	-0.0022
20051220	0.0027
20051221	-0.0070
20051222	0.0027
20051223	0.0005
20051226	0.0000
20051227	0.0005
20051228	0.0059
20051229	0.0078
20051230	-0.0097
20060102	0.0094
20060103	-0.0051
20060104	0.0064
20060105	-0.0037
20060106	0.0125
20060109	-0.0027
20060110	-0.0032
20060111	-0.0043
20060112	-0.0056
20060113	-0.0011
20060116	-0.0040
20060117	-0.0114
20060118	-0.0113
20060119	-0.0017
20060120	-0.0061
20060123	-0.0003
20060124	0.0019
20060125	0.0231
20060126	0.0035
20060127	0.0000
20060130	0.0016
20060131	0.0067
20060201	0.0072
20060202	0.0106
20060203	0.0092
20060206	0.0104
20060207	0.0082
20060208	-0.0059
20060209	0.0105
20060210	0.0112
20060213	0.0259
20060214	-0.0144
20060215	-0.0118
20060216	0.0003
20060217	0.0003
20060220	0.0008
20060221	-0.0089
20060222	0.0081
20060223	-0.0015
20060224	0.0055
20060227	0.0063
20060228	0.0082
20060301	0.0037
20060302	-0.0212
20060303	-0.0091
20060306	0.0023
20060307	-0.0033
20060308	-0.0020
20060309	0.0292
20060310	0.0059
20060313	0.0037
20060314	0.0281
20060315	0.0196
20060316	0.0005
20060317	-0.0099
20060320	0.0099
20060321	0.0002
20060322	0.0511
20060323	0.0106
20060324	0.0122
20060327	-0.0255
20060328	-0.0054
20060329	0.0060
20060330	0.0153
20060331	-0.0026
20060403	0.0138
20060404	-0.0085
20060405	0.0024
20060406	-0.0112
20060407	-0.0275
20060410	0.0113
20060411	0.0020
20060412	-0.0043
20060413	0.0004
20060414	0.0000
20060417	0.0000
20060418	-0.0063
20060419	0.0079
20060420	0.0189
20060421	-0.0086
20060424	-0.0114
20060425	-0.0047
20060426	0.0137
20060427	-0.0162
20060428	-0.0245
20060501	0.0000
20060502	0.0069
20060503	-0.0268
20060504	0.0090
20060505	0.0040
20060508	-0.0096
20060509	0.0159
20060510	0.0065
20060511	-0.0158
20060512	-0.0385
20060515	-0.0054
20060516	0.0034
20060517	-0.0498
20060518	0.0218
20060519	0.0018
20060522	-0.0192
20060523	0.0117
20060524	-0.0145
20060525	0.0147
20060526	0.0425
20060529	-0.0092
20060530	-0.0235
20060531	0.0027
20060601	-0.0108
20060602	-0.0066
20060605	-0.0099
20060606	-0.0307
20060607	-0.0034
20060608	-0.0066
20060609	0.0222
20060612	-0.0079
20060613	-0.0288
20060614	-0.0109
20060615	0.0320
20060616	0.0040
20060619	0.0089
20060620	0.0063
20060621	-0.0091
20060622	0.0010
20060623	-0.0010
20060626	-0.0053
20060627	-0.0117
20060628	0.0029
20060629	0.0221
20060630	0.0160
20060703	-0.0026
20060704	0.0046
20060705	-0.0165
20060706	0.0160
20060707	-0.0090
20060710	0.0064
20060711	-0.0111
20060712	0.0129
20060713	-0.0049
20060714	-0.0169
20060717	-0.0052
20060718	-0.0092
20060719	0.0187
20060720	0.0016
20060721	-0.0207
20060724	0.0231
20060725	0.0080
20060726	-0.0049
20060727	0.0285
20060728	0.0122
20060731	0.0030
20060801	-0.0160
20060802	0.0038
20060803	-0.0121
20060804	0.0015
20060807	-0.0199
20060808	0.0008
20060809	0.0131
20060810	-0.0090
20060811	0.0021
20060814	0.0041
20060815	0.0000
20060816	0.0112
20060817	0.0096
20060818	0.0045
20060821	-0.0090
20060822	0.0110
20060823	-0.0017
20060824	0.0072
20060825	-0.0010
20060828	-0.0020
20060829	0.0015
20060830	0.0015
20060831	-0.0002
20060901	0.0010
20060904	0.0005
20060905	-0.0020
20060906	-0.0200
20060907	-0.0165
20060908	0.0013
20060911	-0.0023
20060912	0.0173
20060913	0.0148
20060914	0.0062
20060915	-0.0134
20060918	-0.0025
20060919	-0.0010
20060920	0.0182
20060921	0.0179
20060922	-0.0186
20060925	0.0096
20060926	0.0129
20060927	0.0084
20060928	0.0000
20060929	0.0119
20061002	-0.0160
20061003	0.0072
20061004	0.0031
20061005	0.0038
20061006	0.0057
20061009	-0.0102
20061010	0.0076
20061011	-0.0064
20061012	0.0019
20061013	0.0242
20061016	0.0175
20061017	-0.0140
20061018	0.0167
20061019	0.0222
20061020	-0.0042
20061023	-0.0051
20061024	0.0007
20061025	0.0145
20061026	-0.0035
20061027	0.0022
20061030	-0.0125
20061031	0.0080
20061101	0.0044
20061102	-0.0145
20061103	-0.0054
20061106	0.0076
20061107	-0.0016
20061108	-0.0227
20061109	0.0069
20061110	-0.0007
20061113	0.0080
20061114	-0.0034
20061115	0.0198
20061116	0.0049
20061117	-0.0172
20061120	0.0038
20061121	-0.0090
20061122	-0.0025
20061123	-0.0011
20061124	-0.0272
20061127	-0.0224
20061128	-0.0034
20061129	0.0095
20061130	-0.0110
20061201	-0.0111
20061204	0.0000
20061205	0.0197
20061206	-0.0052
20061207	0.0052
20061208	-0.0057
20061211	0.0180
20061212	-0.0005
20061213	0.0101
20061214	0.0104
20061215	-0.0042
20061218	0.0009
20061219	-0.0039
20061220	0.0131
20061221	-0.0111
20061222	-0.0140
20061225	0.0000
20061226	0.0000
20061227	0.0211
20061228	0.0048
20061229	-0.0044
