   3.2400646e+00
  -1.0901455e-01
   2.8037637e-01
  -2.0266047e+00
  -5.1722387e-01
  -1.1411981e+00
  -1.1814701e+00
  -1.1571576e+00
  -2.4226035e+00
   1.4936610e+00
   5.3742658e-01
  -1.6886566e+00
   1.8823629e-01
  -2.9554030e-01
   5.0243463e-02
  -9.9693708e-01
  -1.9553786e-01
   4.9129083e-01
   5.0988477e-02
   1.7191094e+00
  -9.4131324e-01
  -6.6023334e-01
   4.1506975e-01
  -1.4561568e+00
  -1.9020179e-02
  -2.6827555e-01
  -1.9077674e+00
   1.8392215e-01
   3.1142167e-01
  -3.8630363e-01
  -4.2595492e-01
  -2.6093922e-01
  -3.7674559e-02
  -1.1238941e-01
  -1.2095978e+00
   6.4566810e-01
   3.2396484e+00
   7.2187808e-01
  -1.5111827e+00
   5.7214137e-01
  -1.2990744e+00
   2.5808604e+00
  -1.5173001e+00
  -9.0568000e-02
   3.9108393e-01
   3.1741489e-01
   5.2541476e-01
   1.3950383e+00
   2.1872621e-01
   1.5505827e+00
   1.4529033e-01
   1.0369149e+00
   1.4160403e-01
   4.5998952e-01
   1.1290259e+00
  -9.4498241e-01
  -2.1833278e+00
  -7.1574250e-01
   2.9728394e-01
  -5.6958857e-01
   8.9548241e-01
  -5.3255042e-01
   5.1099406e-01
   1.1385959e+00
  -1.9020179e-02
  -1.9020179e-02
   4.3072989e-01
   2.8403602e-01
   6.4488540e-01
   1.8034736e+00
   4.9482711e-01
   4.1540884e-01
   1.5972051e-01
   2.7768776e+00
   7.1003145e-01
  -2.1433160e-01
  -6.7995341e-01
   9.2709867e-03
  -1.3227439e-01
  -1.2518320e+00
   1.2279615e+00
  -3.3190025e-02
  -6.7490859e-01
  -6.1044641e-01
   9.6892724e-02
  -1.1599885e+00
  -8.8343091e-01
  -2.1469137e-01
   4.1650236e-01
   1.1497913e+00
  -1.8024944e-01
  -9.3693367e-01
  -7.8602053e-01
  -1.9020179e-02
   1.3223804e-01
  -1.1794134e+00
   3.3480506e-01
  -1.1032117e+00
   1.9170338e+00
   2.2190734e-01
  -1.9020179e-02
  -4.5650042e-01
   6.5831141e-01
  -1.3363306e+00
   1.9515470e-01
  -1.5660593e-01
  -9.5609311e-02
   8.7784462e-01
  -1.9020179e-02
   2.0800419e+00
   7.4387202e-01
  -6.2268246e-01
  -2.7982462e-01
   1.6946556e-01
   1.1973446e+00
   4.3185946e-01
  -3.8507100e-01
  -1.0384900e-01
   5.5799019e-01
  -1.8848116e+00
   1.4674867e+00
  -1.9020179e-02
  -5.5740780e-01
  -1.9020179e-02
  -2.9025191e-01
   4.9373670e-01
  -4.3169011e-01
   6.1997941e-01
   7.2395512e-01
   9.1941824e-01
   1.0778348e+00
   1.1084051e+00
  -2.0309304e-01
   2.8305290e-01
  -1.0103708e+00
   4.0619664e-01
  -3.6425194e-01
   7.2181723e-01
  -2.1770936e+00
  -3.3452052e-01
   4.1943396e-01
  -1.2614141e+00
  -7.9265890e-01
  -6.3172555e-01
  -7.6373062e-02
  -6.3946377e-01
   5.2964606e-01
   7.2281543e-01
   1.0834045e-01
  -4.1624938e-01
   4.4883462e-01
  -3.3137869e-02
   1.1126536e+00
  -6.0511461e-02
  -3.3818962e-01
   1.0694158e+00
  -1.2049724e+00
   5.0652377e-02
   2.6565203e+00
   4.8208169e-01
  -7.7243758e-01
  -1.0538765e+00
  -3.5934729e-01
  -2.6539822e-01
   4.5901480e-01
   2.3871329e-01
   8.0378368e-03
   1.0920304e+00
  -1.4012664e+00
  -1.1426318e-01
  -1.1443242e-01
  -1.5410570e+00
   6.2272429e-01
  -7.0288516e-01
   1.0655162e+00
  -7.8147386e-01
  -1.3477227e+00
  -3.9241361e-01
   9.8041420e-01
   9.7603918e-01
   1.7503084e-01
  -4.3570591e-01
   5.0652377e-02
  -1.6735305e+00
  -1.6282485e-01
   3.1115665e-01
  -5.6562870e-01
  -9.6710431e-01
  -3.7335722e-01
  -3.0194423e+00
   4.3332885e-01
   3.2161703e-01
   4.2672513e-01
   3.3188959e-01
  -1.4081582e-01
  -3.4264077e-02
   1.2019243e+00
   1.0778174e-02
  -9.6570422e-01
  -1.1063127e+00
   1.0459802e-01
   4.7262623e-01
  -1.0068561e+00
  -9.6965659e-02
  -6.1513264e-01
  -3.8306653e-01
   4.2384115e-01
  -6.8468942e-01
   2.6727770e-01
   1.7749339e+00
   7.2952378e-02
   3.0164884e-01
   1.9370020e-01
   1.4321263e+00
   2.5241369e-02
   1.5766207e-01
  -1.9020179e-02
  -6.3996832e-01
   1.1867051e+00
   6.3133050e-01
   6.7101141e-02
  -4.5101472e-01
   5.9909805e-01
  -6.9500116e-01
  -1.1156539e+00
   1.3519080e+00
   1.5700053e+00
  -6.0940794e-01
   1.6782685e+00
  -7.9144844e-01
  -1.4420342e-01
  -8.1869740e-01
  -4.1624938e-01
   1.5110619e+00
   4.2202239e-01
   3.2304131e-01
  -3.3363642e-01
   9.7325058e-01
  -5.1966016e-01
   6.6984053e-01
  -5.3144797e-01
  -5.2270631e-01
   1.5848951e-01
  -7.3260718e-01
  -7.8423969e-01
   8.2902192e-01
   8.8369534e-01
   1.8601206e+00
   2.8497313e+00
  -8.8259026e-01
   2.7038240e-01
  -6.1208030e-01
  -3.1709918e-02
   3.4777016e-01
  -1.9020179e-02
  -2.7171068e-01
   1.3439434e+00
  -1.3025734e-01
   1.0709933e+00
  -1.9020179e-02
  -2.2216332e+00
  -1.4656971e+00
  -1.3991344e+00
   1.5424580e+00
   2.1729834e+00
   1.8956532e+00
  -1.6365475e+00
  -2.3919014e+00
  -3.8157417e-01
   1.2520413e+00
   1.4453535e+00
  -1.3693209e+00
  -1.9020179e-02
  -7.3277656e-01
  -9.3781855e-01
   2.9332175e-01
  -2.9114352e+00
  -1.4241349e-01
  -9.3267400e-01
   3.1501904e-01
  -1.6531466e+00
   1.5235219e-01
   2.2835137e+00
   9.2875132e-01
  -1.4883888e+00
  -1.4588443e+00
   3.8346936e+00
   5.9720968e-01
   8.3455697e-01
  -1.8593328e+00
   8.5025995e-01
  -3.1251362e+00
   1.7108624e+00
   1.5918675e+00
   8.4942354e-02
  -7.3786132e-01
   5.9585843e-01
  -2.5367444e-01
  -1.2613801e+00
   1.0118126e-01
   4.7642314e-02
   1.1408932e+00
  -1.3657975e+00
   1.6784375e-01
  -1.2317936e+00
   1.3068539e-01
  -1.6331445e+00
  -2.0139951e-01
   1.3682084e+00
  -1.3781500e+00
   8.4482594e-01
   3.6659463e-01
   5.1351276e-01
   3.7707437e+00
   9.2227946e-01
  -3.4347211e-01
  -4.5890142e-01
  -3.7353825e-01
  -1.1616814e+00
  -1.9020179e-02
   7.1559058e-01
   1.4580933e+00
   1.2120432e+00
  -1.5306381e-01
  -4.3427739e-02
   1.7593036e-01
   6.0972486e-01
  -2.3278521e+00
  -1.4561028e+00
  -4.9805298e-01
   1.4181081e+00
  -8.6123746e-01
   4.2925484e-01
  -2.8753586e-01
  -2.8888535e-01
  -8.3685003e-01
  -2.6813209e-01
  -8.9344801e-01
  -2.7341188e-01
  -1.9020179e-02
  -1.9020179e-02
   1.6329075e+00
   8.5873276e-01
  -5.4653416e-01
   1.9734975e+00
  -1.9020179e-02
  -1.7278374e+00
  -4.0625718e-01
   7.9097669e-01
  -5.5765821e-01
  -4.7204977e-01
   7.9370111e-01
  -1.3542134e+00
   3.3456377e-02
  -2.8191731e-01
  -7.4869533e-01
   7.8965935e-01
  -6.9429186e-01
  -2.3263212e-01
  -1.9320778e-01
  -7.2730243e-02
   6.4852486e-01
   1.7963573e-01
  -1.2762341e+00
  -7.8223388e-01
   7.1712187e-01
   1.1620183e-01
  -1.1518161e+00
   5.0257697e-01
   2.9423943e-01
   3.0592261e-01
  -9.9980784e-01
   5.6888007e-01
  -7.3078814e-01
   1.2069836e+00
   2.1368414e-02
  -2.4829159e-01
  -4.2602034e-01
  -1.4823094e+00
  -9.9342366e-01
  -2.6183020e-01
  -1.3366475e-01
  -9.0132812e-01
  -6.4980332e-01
  -2.2600084e-01
   2.7642283e-01
   1.5746850e-01
   1.3437645e+00
  -6.6710325e-01
   1.9441482e+00
   6.1973704e-01
   8.3006437e-01
  -4.6201466e-02
  -8.6853806e-01
   5.9889954e-01
   2.5334475e-01
  -2.9138511e-01
   1.9776660e+00
  -3.2176281e-02
  -1.1358015e+00
   7.9427768e-01
  -3.9080843e-01
   1.2734664e-01
   8.9010903e-01
  -6.3660723e-01
   7.8116429e-01
   1.2420658e+00
  -6.9917464e-02
  -1.2031741e+00
   1.6341030e+00
  -1.7066998e-01
  -4.4336837e-02
   4.4249101e-02
   1.5773823e-01
  -4.1119899e-01
   6.1211816e-01
  -9.0470572e-01
  -4.5453914e-01
   3.1434107e-01
   1.3190469e+00
   1.8008691e-01
   8.8015305e-01
   5.4040340e-03
  -8.5573989e-01
   6.4649628e-01
   2.9849551e-01
   3.2083305e-01
   2.1037556e-01
  -1.2755917e-01
   1.5278544e+00
  -4.4294316e-01
  -5.4173488e-01
  -5.4845799e-02
  -3.5455032e-01
  -9.8939457e-01
  -3.1261518e-02
   2.9835115e-01
  -4.3366873e-02
  -1.1759486e+00
  -1.6740762e+00
  -1.9895162e-01
  -5.7655483e-02
   2.5084500e-01
  -7.0318613e-02
  -5.9952996e-01
  -9.7429189e-01
   3.6250839e-01
  -1.9000286e+00
  -9.9173739e-01
   2.8871179e+00
  -6.3812226e-01
  -9.1409609e-01
  -1.4039903e-01
   7.5409294e-02
  -2.8926046e-01
   1.3716078e+00
  -1.9020179e-02
   1.0525958e+00
   1.2721645e+00
   8.0825521e-01
  -1.0234288e+00
   8.2270361e-02
  -6.9641565e-02
  -1.6515749e+00
   1.2578423e+00
   3.1937482e-02
   5.8872937e-01
   6.4414134e-01
   2.5664905e+00
  -1.3387089e+00
  -2.6248753e-01
   2.1229998e-01
   5.4894769e-01
   8.7505028e-01
   8.3714169e-01
   4.2130857e-01
   1.7628978e+00
   3.3703007e-01
  -1.0151926e+00
   9.8824088e-01
   4.1165948e-01
   1.3966388e-02
  -3.3874237e-01
  -7.4263039e-01
  -1.1058961e+00
  -2.5973555e-01
   1.6771610e+00
  -6.3563219e-02
  -1.7511372e+00
  -4.1164246e-01
  -1.1788703e+00
   1.1755888e+00
  -6.7159144e-01
  -7.7672977e-02
   4.9493889e-01
   8.2298055e-01
   1.2141390e+00
   1.5963378e-01
  -1.0431303e+00
   7.3688563e-01
  -3.0224484e-02
   1.5381532e+00
   1.4836820e+00
  -3.5880621e-01
   1.9471131e+00
  -5.6605450e-01
  -2.1889832e+00
  -6.8201707e-01
   6.8398044e-02
   1.7715202e-01
   1.5039342e+00
   9.2433745e-01
  -7.0996402e-02
  -1.3030855e+00
   7.6762164e-02
  -1.9020179e-02
  -1.9020179e-02
   1.0234611e+00
   1.0853993e+00
  -3.9456576e-02
  -1.9020179e-02
   9.6329354e-01
  -1.0729226e+00
  -2.2763038e+00
   8.7605415e-02
   5.5491959e-02
  -1.7705051e+00
  -1.2192432e+00
   5.1772696e-01
   4.5730170e-01
   8.2351175e-01
  -9.3880552e-01
   2.8932884e-01
  -7.4869533e-01
  -6.1223548e-01
   2.7281006e-01
   4.9344119e-01
   1.3598051e-01
   4.7271967e-02
   5.9579156e-01
   1.2270282e-01
   5.4416063e-01
   2.7108739e-01
  -2.2300643e-01
   2.4885861e-03
  -1.9020179e-02
   2.4799739e-03
  -2.1283217e-01
  -3.3275177e-01
  -1.6025571e-01
   1.8727590e-01
  -1.0578510e-01
  -2.2565051e-01
   7.0610911e-01
   4.7322022e-01
   6.0579729e-01
  -7.2912118e-01
   8.7563086e-02
  -4.4662850e-01
  -1.7310895e+00
   1.1862190e+00
  -1.9020179e-02
   3.9112694e-01
  -1.2665026e-01
  -1.7006566e-01
  -1.1634569e-01
  -5.8482579e-01
   4.9263938e-01
   3.3733886e-01
  -3.2123317e-01
  -4.9738977e-01
  -1.1446381e+00
  -2.4018750e+00
   1.3051839e+00
  -3.9567999e-01
  -1.4466814e+00
   4.4943759e-01
  -1.7731160e+00
  -1.8572861e+00
   6.2539670e-01
   1.2951710e+00
   2.7340549e+00
  -1.0218629e+00
  -5.3937249e-02
  -1.0178921e+00
  -1.1457319e+00
  -5.1796131e-01
  -6.3382689e-01
   6.7477693e-02
  -6.3994097e-01
   2.2194280e+00
   4.2243889e-01
   5.8358890e-01
   3.3232217e-01
  -1.9020179e-02
  -1.9020179e-02
   1.5987949e-02
   3.4140027e-01
   7.0607663e-01
  -2.3667082e-01
  -1.2732373e+00
   5.1876900e-01
  -7.8052112e-01
   1.0787743e+00
  -1.6623240e+00
  -4.7387622e-01
  -1.9020179e-02
  -1.9776282e+00
  -6.5864661e-01
   1.3757759e+00
  -1.9140117e-01
   8.4953978e-01
   4.7621714e-01
  -1.2734022e-01
  -2.4841592e-01
  -4.6857035e-01
  -4.2317053e-01
   1.3524453e+00
  -1.6301123e-01
  -1.5135204e-01
   6.1560009e-01
   1.6678414e-02
  -8.5823445e-01
  -1.6421170e-01
  -2.0106340e-01
  -3.1178366e-02
  -1.1122754e+00
   2.7798891e-01
   4.7237315e-01
   5.6477681e-01
   1.7257245e-02
  -1.1922295e+00
   3.0378749e-02
   8.9889331e-01
   3.1968463e-01
   1.9759584e-01
  -9.2740935e-01
   1.5171647e-01
  -1.2871711e-01
  -8.0561800e-01
  -9.3357936e-02
  -2.9247584e-01
  -2.1877537e-01
  -1.9936177e+00
  -6.7179544e-01
  -1.3736716e-01
  -5.8527206e-02
   4.1396661e-01
   1.7041518e+00
   1.4292911e+00
   4.2262698e-01
  -7.4474449e-01
  -2.9215970e-01
  -6.9540377e-01
  -1.1527357e+00
  -2.2539711e-01
  -4.8628896e-01
  -7.5406254e-01
   4.8085408e-01
   4.5029059e-01
  -1.2295756e-01
   7.5565012e-01
  -3.7914265e-01
   1.4323285e+00
  -4.3512860e-01
   2.0834769e-01
  -3.3506954e-01
  -6.8242250e-01
   1.0234188e+00
   7.6835289e-01
   7.4474382e-01
   6.2537145e-01
  -5.2903272e-01
  -1.3406601e+00
  -5.7208026e-01
   1.7016369e-01
  -1.9020179e-02
  -1.0449940e+01
  -5.4139496e-01
  -1.3634602e+00
   2.8449956e-02
   2.0195392e-01
  -2.0086061e+00
  -3.2355504e+00
   6.7073409e-01
   1.6841717e+00
   1.3736479e+00
  -6.3716454e-01
  -9.4313990e-01
   2.1350503e-01
   9.6626676e-01
   1.0921508e+00
  -3.4960993e-02
  -4.1908634e-01
  -3.2507650e-01
   1.1948757e+00
   1.0752722e+00
  -1.2714765e+00
  -1.0747520e+00
  -5.2215083e-01
  -6.5876156e-01
  -2.2426614e+00
  -4.1607151e-01
  -1.6551129e+00
  -3.2397594e+00
   1.6430844e+00
  -1.0588215e+00
  -1.5402730e+00
  -4.4393378e+00
  -2.3079704e+00
   5.3030645e+00
  -1.9744740e-01
   7.1075244e-01
   2.3005596e+00
   1.7344197e+00
  -1.6974647e+00
   6.8825937e-01
   1.3862055e+00
   4.6514041e-01
  -7.2600724e-02
   5.4976773e-01
   2.1977309e+00
   1.1390393e+00
  -6.8854643e-02
   3.8902445e+00
  -2.5825165e+00
  -4.9111730e-01
  -1.3359923e-01
   8.2635751e-01
  -1.2426026e+00
  -2.5054282e-01
   1.2583616e+00
   4.6430110e-01
  -3.1732109e+00
   6.5705588e-01
  -1.1563076e+00
  -1.1633895e+00
   6.6014199e-01
   1.2802931e+00
  -1.5431885e-01
   1.3848933e+00
  -8.8377248e-01
   1.8750920e+00
   4.1616427e-01
  -1.1054756e+00
  -1.1948454e+00
   1.2222887e+00
  -1.2101218e+00
  -2.2948616e-03
   3.6644783e+00
   2.7352569e+00
  -8.5617838e-01
  -1.0949473e-01
  -2.3072218e-01
   2.0777151e-01
  -1.2397975e+00
  -8.1200642e-01
  -1.2870043e+00
   3.9636791e-01
   8.0223843e-01
   1.2317220e-02
  -1.2549370e+00
   1.3576891e+00
   1.0789190e+00
  -5.8838369e-01
  -1.1192095e-01
   2.7450297e-02
  -1.5423197e+00
  -1.0320425e+00
  -6.7227193e-01
   1.4397767e+00
  -6.6248661e-01
  -1.1144073e+00
   9.6474233e-02
  -3.6625134e-01
  -1.9020179e-02
  -1.9020179e-02
  -1.9020179e-02
   1.8715573e+00
   2.0471611e-01
  -1.9020179e-02
  -1.9020179e-02
   5.5205721e-01
   1.5054941e+00
   1.0891051e+00
  -1.8454166e-01
   9.8133527e-01
  -3.7521805e-01
  -1.8307056e-01
  -1.5184736e+00
  -1.6248164e+00
  -1.4577534e-01
  -1.0601508e+00
   9.5862047e-01
  -6.2594871e-01
   6.5139832e-01
  -7.6981084e-01
   2.0789562e+00
   9.9241888e-01
  -3.8409192e-03
  -5.2221535e-01
  -1.0710189e+00
   4.9408314e-01
   3.8181786e-01
   2.7201919e-01
  -5.8724380e-01
  -7.3394971e-01
  -1.8329455e+00
  -7.5225822e-01
  -5.6316389e-01
   8.0330265e-01
  -8.0820717e-01
   6.3730078e-02
  -6.8655029e-02
  -8.1948168e-01
  -8.6267065e-02
  -1.0379622e+00
   2.2046822e-01
   1.1626572e+00
  -2.5328445e-01
   1.1586211e+00
   2.7547762e-01
   6.7803267e-01
   2.0504399e+00
   7.0443685e-01
   9.2065696e-01
  -3.0524221e-01
  -1.7027840e-01
  -4.4482408e-01
   1.4716031e+00
  -1.2306905e-01
   9.1024014e-01
   4.0338870e-01
   9.1585841e-01
   9.8389227e-01
  -9.9342366e-01
   5.3390052e-01
  -7.4322214e-01
  -5.5060321e-01
  -5.8509344e-01
   4.1694945e-01
  -3.6751225e-01
  -2.2335661e-01
  -2.9758353e-01
  -1.9020179e-02
  -1.9020179e-02
   1.4168430e+00
   5.2489528e-02
  -1.4235962e+00
   3.4651310e-01
  -1.0191507e+00
   2.5498241e-02
   1.0239509e+00
  -9.8787579e-01
   1.2255382e+00
   5.8545110e-01
   1.3817566e-01
  -1.4760071e-01
   1.2382809e-01
  -3.3287917e-02
   9.5015715e-02
  -1.5060766e+00
   2.4384120e-01
  -2.2498851e+00
  -7.6832322e-01
  -2.0591727e+00
   9.7935233e-01
  -1.9020179e-02
   1.5341113e-01
  -9.3450521e-01
  -4.9874313e-01
   1.1409167e+00
   6.9923567e-01
  -5.1765760e-01
  -1.0144548e+00
   8.1963587e-01
   1.6905928e-01
  -2.8566093e-01
  -1.9226067e-01
  -3.0371580e-01
  -1.2379925e+00
   7.3807701e-01
  -4.6877024e-01
   3.5069316e-01
  -8.4228242e-01
   6.5987463e-01
  -4.7066168e-01
   3.2006658e-01
  -1.9861497e+00
   9.2435683e-01
  -4.9691264e-01
  -1.7174113e+00
  -1.5587054e-01
   4.5843793e-01
   8.7327860e-01
  -1.2006976e+00
   2.8733227e-01
  -1.3071828e+00
  -8.8597943e-02
  -1.9144964e+00
   2.6025645e+00
  -8.6710709e-01
  -1.3972917e+00
  -8.6692682e-01
   1.0075776e+00
  -1.0819978e+00
  -1.6478649e-01
  -6.9838481e-01
   1.5290652e+00
   1.0650790e+00
   1.3909205e-01
  -1.1894687e+00
  -1.8239657e+00
   7.7240980e-01
   3.3447557e+00
  -5.3633277e-01
  -8.2204069e-01
  -2.0441957e+00
  -4.7757661e-01
  -1.0606224e+00
  -1.9113557e+00
   1.5579267e-01
   1.3404608e+00
  -6.4661324e-01
  -3.2516466e+00
  -2.8771189e+00
  -2.7439838e+00
  -9.7425864e-01
  -2.6526578e+00
   2.2230897e+00
   5.2813252e+00
   2.5254477e-01
  -4.5153600e+00
  -3.2163315e+00
  -1.3938928e-01
  -4.3592370e+00
   2.4575648e+00
  -3.8986534e+00
   5.4100165e+00
   4.1763421e+00
  -2.4263161e+00
  -8.9411229e-02
  -2.3216850e+00
   1.5983978e+00
  -2.5735449e-01
   2.4322406e+00
  -2.6856901e+00
   1.0729914e+00
   1.2810915e+00
  -4.5661042e-01
  -3.6702290e-01
   9.9545902e-01
  -2.4246205e+00
  -8.1311435e-01
   1.5104933e+00
  -2.0111237e+00
  -4.4251491e+00
   2.4575665e-01
  -6.8342647e-01
   1.7951389e+00
  -1.9670528e+00
   1.0952780e+00
   6.3343781e-01
  -1.4117684e+00
  -1.4488567e+00
   1.3042225e+00
   1.6098675e+00
  -3.7144637e+00
  -3.0116472e+00
   8.2432362e-01
  -3.0458194e+00
  -1.0359739e+00
   1.7858215e+00
   2.3063823e+00
  -8.0250290e-01
  -6.0775034e+00
   4.4674527e+00
   6.3910833e-01
  -1.3808149e-01
  -1.3464202e+00
  -1.3174476e+00
  -1.6390947e+00
  -3.7494974e-01
   2.7952831e+00
   2.9182465e+00
  -1.6777353e+00
   4.8108971e+00
  -4.3302864e-01
   2.0198212e+00
   4.0609144e-01
  -2.0689647e+00
  -3.1610632e+00
  -3.9490584e+00
   1.5572243e+00
  -9.7160343e-01
   8.1159452e-01
  -7.8766530e-01
   2.5211590e+00
  -4.9368963e-01
  -9.2049571e-01
   2.5546517e+00
   2.9777503e-01
   1.3978597e+00
  -2.6263040e+00
  -7.7769235e-02
   4.4918230e-01
   3.5319983e+00
  -1.0098626e+00
   3.4239059e+00
   1.0131429e+00
   2.1105865e+00
  -9.2762417e-02
  -1.0872743e+00
   1.0000161e+00
   4.7113960e-01
  -7.0650359e-01
  -2.1102159e+00
   3.3420050e+00
  -9.6856595e-01
  -6.3665560e-01
   1.3062839e+00
  -1.2946511e+00
   5.9804742e-01
  -2.2488718e+00
   4.9019778e-01
  -1.5613942e+00
   1.6751823e+00
   6.0901776e-01
  -1.0528919e+00
  -2.3076492e+00
   2.5742714e+00
  -1.1188229e+00
  -1.4593966e+00
  -2.1855927e+00
   2.5178754e+00
  -1.4887883e+00
  -1.9020179e-02
  -1.9020179e-02
  -1.9020179e-02
  -4.0692718e+00
   2.4085209e+00
  -1.9020179e-02
  -1.9020179e-02
   2.8092029e+00
   8.6838172e-02
   1.9791039e+00
  -8.9215538e-01
  -1.9430808e+00
  -2.3412966e-01
  -3.7042149e-01
  -7.8378676e-01
   5.0111440e-01
  -8.4260429e-01
   1.4671030e-01
  -2.8502838e+00
  -8.3927927e-01
  -1.7590633e+00
  -2.6434617e+00
   1.0901264e+00
  -3.0181705e+00
  -2.3577095e+00
   1.5391598e-01
  -4.6981792e-01
  -4.0344287e-01
   3.3056850e-01
  -6.4992781e-01
  -2.1038902e+00
   9.6160163e-01
  -2.0732402e+00
  -6.9635177e-01
   3.9591897e-01
   2.2615905e+00
  -1.8878736e+00
  -1.0734059e+00
   2.1790677e+00
   3.1353014e+00
   2.2138727e-01
  -2.9774844e+00
  -1.0425404e+00
   1.2213104e+00
  -5.5204823e+00
  -8.0174483e+00
  -2.9737950e+00
   3.8096377e+00
  -1.1718474e+00
   5.8353790e-01
  -2.4997379e-01
  -1.4259993e+00
   5.0116262e-01
  -7.2961676e-01
  -1.3711651e+00
  -5.5967733e-01
  -4.9297801e+00
   1.4756148e+00
  -2.6625826e+00
  -2.4067842e-01
   1.7698226e+01
  -3.3542639e+00
   1.0827336e-01
   2.1407642e+00
  -4.0767144e+00
   9.8143203e-01
  -4.5171093e-01
  -2.8031817e-01
  -3.2548364e-01
  -2.1689640e+00
  -1.1049658e-01
   3.9505180e+00
  -1.8935064e-01
   2.8460332e+00
   2.5854416e+00
  -3.6682253e-01
   3.2878218e-01
   5.7964252e-02
   2.0189040e+00
   2.0513803e+00
   5.4807823e-01
  -1.0154077e+00
   9.4209865e-01
  -1.9020179e-02
  -1.9020179e-02
   1.7166394e+00
   7.2724950e-01
  -1.4528361e+00
   7.7090294e-01
  -1.1908802e+00
  -1.6822449e+00
   1.5395667e+00
  -1.9020179e-02
   8.5617655e-02
  -2.6349307e-01
   6.4197683e-01
   2.7767322e+00
  -1.0128172e+00
  -1.8645602e-01
  -5.2570090e-02
  -1.3785012e+00
   2.4695596e+00
   2.8911254e+00
  -3.6252990e-01
  -3.3801953e+00
   8.0942552e-02
  -8.9160964e-01
   7.5360655e-01
  -1.0290179e+00
  -6.3426521e-01
  -2.2567841e-01
   1.5789082e+00
  -5.9152026e-01
   1.5491196e+00
   2.4864207e+00
  -4.9184359e-01
   1.4487895e+00
  -8.8862026e-01
   1.7366326e+00
  -1.2140302e+00
   1.4781664e+00
   1.2907187e+00
   8.5601219e-01
  -2.0232984e+00
   2.5607901e+00
   8.8918974e-01
   7.9098338e-01
  -9.4171346e-01
  -1.1879338e+00
   1.2907187e+00
  -1.2711446e+00
   9.2279979e-01
   4.3174118e-01
  -1.9020179e-02
  -4.6978154e-01
  -2.2133814e+00
   9.1587406e-01
  -1.9307748e-01
  -2.2280271e-01
   3.3716882e+00
  -4.0374692e-01
  -1.3028885e+00
  -8.7317337e-01
   7.7861023e-01
   1.3213710e+00
  -6.0132863e-01
  -8.9032722e-01
  -6.4605803e-01
   6.9295832e-01
  -8.1707398e-01
  -9.4584589e-01
  -7.8402622e-01
   1.2982159e+00
  -1.0407319e+00
   1.7492878e+00
  -1.3320764e-01
   1.0560800e+00
   2.0956180e+00
  -5.8753028e-01
   1.4402640e-01
   5.7461697e-01
  -3.6260381e+00
  -2.4555247e+00
   7.0999341e-02
   3.0976623e-01
   2.7813958e-01
  -8.8535458e-01
   6.3947519e-01
   2.4805397e-01
   1.4985943e+00
  -1.1238085e+00
   1.2294573e+00
   3.5278222e-01
  -1.9030145e-01
  -7.0966162e-01
  -3.6770083e-01
   4.7427847e-01
  -4.7912637e-02
  -8.0505159e-01
   1.2274353e+00
  -8.2737183e-01
   1.9234102e+00
  -1.9020179e-02
  -9.5289818e-01
   9.4290516e-01
  -3.5655905e-01
  -1.0445573e+00
  -4.7788801e-02
  -5.3950857e-01
   4.4388468e-01
   5.2554600e-01
  -7.3670837e-01
   2.9054982e+00
  -6.7991014e-01
  -1.6791478e+00
  -6.2252092e-01
  -2.7763395e+00
   3.1459453e-01
   7.0175080e-01
  -5.8883061e-01
  -1.1463100e+00
   5.0186421e-01
  -2.2288138e+00
   2.0380960e+00
  -8.0212928e-02
  -1.0701104e+00
   5.4000128e-01
   9.3030342e-01
  -5.0689753e-01
   1.5506390e+00
   9.9843470e-02
   1.5878340e-01
   1.5819659e-01
  -4.6316358e-01
   4.5460257e-01
   7.7086552e-01
  -2.1819907e+00
   7.9117069e-01
  -1.3827982e-01
   1.1618219e+00
   1.1935359e+00
   4.9238018e-01
   4.0345746e-01
   8.1609201e-01
   1.1891114e-01
   1.7349036e-01
  -1.9020179e-02
   6.3582491e-01
   3.5734535e+00
  -5.2872150e-01
   9.2015544e-01
  -1.0094330e+00
   1.6009670e-01
   3.8816002e-01
  -1.6404651e+00
  -4.3873219e-01
  -3.6246844e-01
   6.9185515e-01
  -9.7543174e-02
   1.8345471e+00
  -2.7266558e-01
  -1.7178453e-01
   7.4049222e-01
  -4.2275615e-01
   1.3809713e+00
  -4.1530708e-01
   1.3796004e+00
  -5.3007287e-01
  -1.0808875e+00
  -5.2015897e-01
  -1.9552958e-01
  -8.0775531e-01
  -4.0486590e-01
   3.1553935e-01
   3.1346777e-01
  -1.2110506e-01
   5.1477322e-01
   9.5844841e-01
   5.8106336e-03
  -4.9278039e-01
   4.5474003e-01
  -1.9020179e-02
  -1.9020179e-02
  -1.9020179e-02
   4.5059662e-01
   3.0175089e-02
  -1.9020179e-02
  -1.9020179e-02
   1.1723961e+00
   4.3593728e-01
   2.4262505e-01
  -6.1552300e-01
   1.4249701e+00
  -3.4701109e-01
   2.3885543e-01
  -6.5814632e-02
   2.6113679e-01
   4.2159382e-01
   2.3442931e-01
   1.0055385e+00
   1.3861316e-01
  -7.2065106e-01
  -1.0773428e+00
  -2.0522455e-01
  -8.4134301e-01
   2.8788600e-01
   1.1222654e+00
  -9.9577233e-01
   9.8195828e-02
  -1.5971012e-01
  -4.4331535e-01
  -9.9817201e-01
  -4.5459687e-01
  -5.8078219e-01
   7.8516496e-01
   4.6256719e-01
   3.6316386e-01
  -1.8589109e-01
  -1.0799670e+00
  -4.3377917e-02
   4.4189794e-01
  -6.0189300e-01
   2.4891549e-01
  -1.5719803e+00
   4.0447667e-01
  -1.0967484e+00
   6.2905126e-03
   1.8303700e-01
   3.3276060e-01
   1.0718076e+00
   3.9657158e-01
   5.3986809e-02
   3.2037275e-01
  -3.5841311e-01
   3.2037275e-01
  -4.8014663e-01
  -5.8257658e-01
  -3.3205621e+00
  -2.5528049e-01
  -1.9474855e+00
   8.2439146e-03
   1.3002414e+00
  -2.7746971e+00
  -1.0935542e+00
  -1.3785012e+00
   5.9266491e-01
  -5.1365534e-01
   9.9442705e-01
   6.6502259e-01
   6.2844377e-01
  -5.5331943e-01
  -1.0750071e+00
   6.9675463e-01
   1.4952411e+00
   7.2239229e-01
   4.9664514e-01
   3.8461463e-01
  -6.1206129e-01
  -1.9020179e-02
  -1.9020179e-02
   1.4514798e+00
  -3.0991621e-01
   7.4901307e-03
   3.7707184e-01
   8.6112760e-02
  -4.5284123e-02
  -5.2049151e-01
  -4.5543584e-02
   1.0578376e+00
   8.3230144e-01
   7.4336790e-01
  -9.6086720e-01
   1.1243154e+00
   3.1234042e-02
  -1.2897049e+00
  -8.7445166e-01
   1.3737659e+00
  -1.3856829e+00
  -1.4976442e-01
  -1.9107866e+00
   8.0924857e-03
   6.2235773e-02
   1.2910448e+00
   2.9699818e-01
  -1.0529542e+00
   1.7969174e+00
   2.0870000e+00
  -9.7298262e-01
  -6.5599837e-01
   9.9654922e-01
  -8.0440600e-01
   1.3417369e+00
   1.5019546e+00
  -6.0268496e-01
   1.0310094e-01
  -5.0917996e-01
   1.0776135e+00
   1.4957221e-01
  -1.9020179e-02
  -1.3938928e-01
  -3.5749624e-01
  -1.2704034e+00
   2.5336359e-01
   2.7655836e-01
  -1.6398913e+00
   9.5936177e-01
   1.2993035e-01
  -3.4227015e-01
  -6.8924115e-02
   8.0741357e-02
  -7.9706397e-01
   6.2547715e-03
   1.8922704e+00
  -1.9020179e-02
   3.9393944e-01
   7.7686973e-02
   1.2571476e-01
  -6.7221826e-02
  -6.2522024e-01
  -3.6150555e-01
  -5.3687919e-01
  -4.4192843e-01
   2.5500637e-01
  -1.9323883e-01
  -6.2066940e-01
  -1.4521679e-01
  -1.9020179e-02
  -7.5686752e-01
  -1.2159257e-01
  -8.7280296e-01
   4.4836158e-01
   5.7233007e-01
  -1.5229353e+00
  -4.1491751e-01
  -7.1223359e-01
   1.9523100e-01
  -2.3327136e-01
   1.3062354e+00
   8.8957394e-01
  -4.8437666e-01
   2.4000894e-01
  -3.3000540e-01
  -3.3181697e-01
  -1.4764572e+00
  -6.6760338e-01
  -1.9020179e-02
  -7.8573677e-01
  -8.8085363e-01
  -1.3813757e+00
   7.7988174e-01
  -1.9020179e-02
   6.8437777e-01
   6.4768221e-01
   2.0138703e-01
   7.7245657e-01
  -1.9020179e-02
  -1.8181959e-01
   7.0972136e-01
   5.4101930e-01
  -1.9020179e-02
  -1.4166090e+00
  -4.6256615e-02
  -2.1006303e-01
   2.8088563e-01
   7.6370407e-01
  -7.2636391e-02
  -3.1487014e-01
  -6.7022531e-01
   3.3469593e-01
   1.5839834e+00
   3.7436350e-01
  -1.7602799e-01
  -1.2394768e-01
   4.7756939e-01
  -4.1068225e-01
   7.8728975e-01
  -4.8572489e-01
  -4.3730180e-01
   2.6889811e-01
  -3.8573031e-01
   4.2594592e-01
   7.5733018e-01
  -5.0940378e-01
   1.6906392e+00
   3.3144859e-01
   5.5182990e-01
   5.4993108e-02
  -3.6529169e-01
  -6.4297133e-01
  -2.9587242e-01
  -5.7704404e-01
   3.6207888e-01
  -9.1249556e-01
  -3.8061502e-01
   1.3624730e-01
   6.9968351e-01
  -7.1188955e-01
   3.6701047e-01
   3.8970972e-01
  -1.4895459e+00
  -2.5493449e-01
   6.5970175e-01
   6.7684223e-01
  -2.2426317e-01
   7.7196375e-01
   7.1053066e-01
   1.8050307e-01
   2.0456084e-01
   4.2536827e-01
  -1.9140117e-01
  -6.8373704e-02
   2.7642283e-01
   1.5059359e+00
   2.6660087e-01
  -1.1405849e-01
  -3.2906155e-01
   9.2928935e-01
   2.3885543e-01
  -7.9639232e-01
  -2.8066541e-01
  -4.7397764e-01
  -1.8761257e-01
   1.2209216e+00
  -2.7893837e-01
  -3.7549393e-01
  -2.5799090e-01
   1.2355758e+00
   2.8428552e-01
  -3.4572820e-01
   1.6791345e-01
  -1.9020179e-02
   2.7611723e-02
  -6.2841669e-01
   3.0997553e-01
   8.4088799e-01
   7.1373840e-01
   3.8880430e-01
   2.7360524e-01
  -1.0617060e+00
   5.2751514e-01
  -1.3242388e-01
   2.7533274e-01
  -8.6804701e-02
  -1.9020179e-02
  -5.4156398e-01
   3.8051694e-03
  -2.9356683e-01
   7.2651429e-02
  -1.9020179e-02
   3.2336120e-01
  -7.7516190e-01
  -1.4217111e+00
   4.6608054e-03
  -1.6126299e-01
   1.4689318e-01
  -5.1830616e-01
  -9.1017109e-01
   1.5071418e-01
   4.8698727e-01
   1.3074749e+00
   2.6101504e-01
  -1.8219652e-01
  -1.1248692e-01
   1.1377809e+00
  -1.7947982e-01
   1.4143946e-01
  -1.9020179e-02
  -5.2494507e-01
   4.6401125e-01
   2.0914033e+00
   7.4605773e-01
  -3.6741804e-01
  -2.5986174e-01
   1.3459465e+00
   6.8235090e-01
  -1.0354854e-01
   4.4424775e-01
   8.9569485e-01
   5.9583346e-01
   2.0467374e-01
  -3.0388361e-01
  -6.1394596e-01
   7.7953358e-01
   6.4752546e-01
   6.1213876e-02
  -8.0646374e-01
  -8.3883200e-01
   6.3782754e-01
   5.4920345e-01
  -4.2427970e-01
   2.8521084e-01
   5.2428933e-01
  -6.6354862e-01
   2.8406603e-01
   1.2183672e-01
  -6.6597537e-01
  -9.6289051e-01
   8.4381801e-02
   8.0110468e-01
  -3.4556855e-01
  -1.0524745e+00
  -8.3915307e-01
   4.6616188e-01
   2.1148279e-01
  -5.6544854e-01
   4.6464180e-01
  -6.7193882e-01
   3.6105981e-01
  -1.9020179e-02
  -1.9020179e-02
  -3.1440514e-01
   2.3426629e-01
  -8.2229876e-02
   6.7222745e-01
  -3.3212096e-01
   1.8991639e-01
   9.5223650e-01
   3.6868282e-01
   1.0283305e-01
  -1.6120919e-01
  -1.2081477e-01
   1.4375867e-01
  -8.9981626e-01
  -6.6309661e-01
  -1.5454386e+00
   4.7331834e-01
  -5.7591086e-01
  -3.4295017e-01
   1.3239036e-01
   2.4161674e-02
   5.6056132e-01
  -6.6338749e-01
   4.5765630e-02
   1.0070613e+00
  -1.9020179e-02
   4.2379767e-01
  -1.8728238e-01
   3.1697861e-01
   7.2937704e-01
   5.5593969e-01
  -1.6218401e-01
   1.0371503e-01
   5.0961431e-01
  -5.8853525e-01
  -6.7737793e-01
  -1.2262166e-01
   1.3731169e+00
   6.8369394e-01
   3.9823604e-01
   7.6851893e-04
   2.9661119e-01
  -3.1487014e-01
   1.1924601e-01
   7.9523859e-02
   1.1863835e-01
  -1.1731168e-01
   1.1872592e+00
   3.8666449e-02
  -1.9226632e-01
   2.5701784e-04
   4.6067420e-01
  -3.2553050e-01
   7.6293713e-01
   3.9591897e-01
   5.6080017e-02
  -5.2799680e-01
  -5.7112655e-01
   2.1012653e-01
  -2.8645326e-01
   3.2457835e-01
   4.5458169e-01
  -3.7884269e-02
  -3.7890898e-02
  -1.3760815e+00
  -6.6163486e-01
   5.6549174e-01
   1.3578103e-01
  -4.0686319e-01
   5.0390877e-01
  -3.6707302e-01
  -1.7443746e-01
  -3.7036253e-01
  -1.2871915e+00
   6.7821911e-01
   1.0974556e+00
   5.0184219e-01
   4.0168208e-01
  -1.1434531e-01
   5.7253458e-02
   7.7537914e-01
   3.5517389e-01
   3.8960369e-01
   5.6984529e-01
   3.2758744e-01
   1.2625318e-01
  -4.9260277e-01
  -2.0228531e-01
   5.8339608e-01
  -2.0085791e-01
  -9.1928040e-02
   5.7952979e-01
   6.6205437e-01
  -3.6832961e-02
  -4.1240385e-01
   1.4225799e-01
   7.4491501e-01
  -6.4000252e-01
  -3.2325120e-01
  -4.6957351e-01
  -5.8300828e-01
  -9.7857315e-01
  -4.3020419e-01
  -1.5051453e-01
   7.0952418e-01
   2.2164777e-01
   4.0415231e-01
  -5.1612952e-01
  -6.1420889e-01
  -7.9137585e-01
   2.4596197e-01
  -3.9796763e-01
   6.7994320e-01
   1.4963104e-01
   6.6881175e-01
   7.8763609e-01
   3.2559712e-01
   1.4961720e+00
  -1.9020179e-02
   4.8829824e-01
  -7.1279679e-02
  -1.6109341e+00
   1.4231183e-01
  -1.0858923e-01
   1.3789938e+00
  -6.8694106e-01
   3.6868282e-01
  -1.3164039e+00
  -8.8950135e-01
  -2.7559160e-01
   2.0000236e+00
  -7.6729324e-01
   1.0995152e+00
  -5.8425310e-01
   4.2307545e-01
   3.4954779e-01
   9.0007911e-01
  -1.5538124e+00
  -4.2749661e-01
  -1.4395838e-01
   3.4560366e-02
   3.0134516e-01
  -9.1368652e-01
  -1.2738880e-01
  -2.5457183e-01
  -7.3525308e-02
  -3.1065230e-01
  -1.0710243e+00
   3.6865305e-02
  -5.4289391e-01
   1.2261210e+00
  -1.1514717e+00
  -3.0118915e-01
  -1.1820319e+00
   5.5610097e-01
   1.5037240e+00
  -2.2329604e-01
   2.0378774e-01
   7.9012245e-01
  -2.5681863e-01
   5.8257798e-01
  -5.1073433e-01
   2.3782295e+00
   3.2977372e-01
   1.6580664e+00
   9.4941547e-01
   6.3653635e-02
  -1.9020179e-02
   7.6823837e-01
   4.5108163e-01
   8.6140340e-01
   1.8698751e-01
  -7.5154786e-01
  -8.3193036e-02
   7.7210369e-02
  -1.3130593e-01
   3.8092679e-01
   2.5125211e-01
   1.1263422e+00
   6.1371078e-01
  -4.8126089e-01
  -2.2056689e-01
  -8.3285821e-01
   4.5200592e-01
  -4.7427866e-01
  -3.0354818e-01
  -2.5728398e-01
   6.7691056e-01
  -1.9020179e-02
   4.8150550e-01
  -4.0965650e-01
   3.0930498e-01
   1.4416798e+00
  -1.9020179e-02
   3.7392062e-01
  -1.9020179e-02
   3.7106603e-01
  -2.1370906e-01
  -3.4025525e-02
  -7.5946668e-01
   4.8076875e-01
   9.6681493e-01
   1.1402041e-01
  -3.8939433e-01
  -1.0829141e-01
  -3.3913157e-02
  -5.4289391e-01
  -2.7532917e-01
   1.1682520e-01
  -4.4278384e-01
   3.4441019e-01
  -8.5555168e-01
  -4.8086332e-01
  -2.5143995e-01
  -2.6804848e-01
  -3.9474158e-01
   1.2390545e-02
  -1.9200699e-01
  -7.8046228e-01
   1.6947639e+00
  -7.6698303e-01
   2.1583935e-01
   5.2502329e-01
  -1.1600481e+00
  -5.1099808e-01
   1.7195796e-01
   7.6214782e-02
  -5.9298014e-01
   1.2012302e+00
  -3.4691165e-02
   4.4913127e-01
   5.0666368e-01
   2.7117557e-02
   1.9576663e-01
  -2.3380699e-01
  -4.3569393e-01
  -5.4836209e-01
   4.9482711e-01
  -4.0784615e-01
   2.7787871e-02
   3.6946821e-01
  -1.4150387e+00
   4.3986056e-01
   4.0471695e-01
  -8.8574912e-01
  -2.2739450e+00
   4.7210642e-02
  -1.2746494e+00
   1.3358024e+00
   2.6103652e-01
   7.9631027e-01
   6.2444626e-01
  -2.1125176e-01
  -7.7862402e-01
  -2.7460067e-03
   2.0830185e-01
  -2.9517953e-01
   1.2365338e+00
   1.5488761e+00
   1.0064276e+00
  -9.9813118e-01
  -1.1107697e+00
  -2.1401683e+00
   5.1917380e-01
  -6.7724610e-02
   5.3039342e-01
  -2.1228961e-01
   3.6682554e-01
   2.5261936e-01
  -4.3502715e-01
   7.7815348e-01
  -8.4832827e-01
  -2.4450127e-01
   4.6299950e-01
  -1.9020179e-02
  -1.9020179e-02
  -4.3652001e-01
   5.9008247e-01
   9.7582897e-01
   1.0344963e+00
   4.0884369e-01
  -2.7838785e-01
   5.8927442e-01
   1.8240565e+00
  -2.2396940e-01
  -1.9020179e-02
  -9.8095332e-01
  -9.2251819e-01
   5.8499779e-01
   8.5987934e-02
  -3.4008771e-02
   1.0202061e+00
   1.1314717e-01
  -1.9020179e-02
  -2.1003316e-01
  -1.4661346e+00
  -4.1362693e-01
  -1.7370875e+00
   1.2427337e-02
  -7.1515597e-01
  -9.3446272e-01
   2.1399292e+00
  -8.6588881e-01
   1.6155882e+00
   1.6565412e+00
  -4.8173203e-01
  -9.5658023e-01
  -2.6365218e-01
  -3.1097568e-01
  -5.1435151e-01
  -4.5621529e-01
  -3.6504536e-01
   8.5742346e-01
  -1.5942763e+00
  -8.0809869e-01
  -1.3660238e+00
  -2.9592264e+00
   3.5496109e+00
   1.0391560e+00
  -2.1281274e-01
  -5.2291235e-01
  -2.6454704e-01
   5.8459407e-01
   6.2599216e-01
  -5.8298098e-01
  -2.3000918e-01
  -4.4350169e-01
   8.9111401e-01
   1.6626070e+00
   2.3638152e+00
   5.6052568e-01
   2.0222707e-01
  -1.2096816e+00
  -5.6355407e-01
   1.4653593e+00
   4.9609467e-01
   2.5855791e-01
   1.9911133e-01
  -8.2320532e-01
  -7.9057942e-01
  -1.3871180e-01
   2.0518320e-01
   1.5247265e+00
   9.8602633e-01
  -4.3311672e-01
   1.3117844e+00
   6.8944391e-01
  -1.4336597e-01
  -7.4315585e-01
   1.0910272e+00
  -7.5185542e-01
  -1.0166835e+00
   3.3438791e-01
  -4.2919004e-01
   4.6155304e-01
  -1.3727286e+00
   5.1227854e-01
   6.6249037e-01
   5.2840807e-01
   3.9831325e-01
   7.1043394e-01
   1.0368085e+00
  -3.6866139e-01
  -2.0823579e-01
  -1.4101182e-01
  -5.6458374e-01
   3.5786288e-02
  -2.6609101e-01
   3.1015560e-01
  -1.6964196e-01
   4.9952820e-01
  -4.0062221e-01
  -5.1367023e-01
  -3.3744899e-01
  -3.9525347e-01
