   5.0179604e+00
   5.0577477e-01
   1.7628042e+00
  -1.1566805e+00
   6.9268025e-01
  -1.1334116e+00
  -1.8950640e+00
  -2.5369663e+00
  -1.3295720e+00
  -4.9677954e-01
   1.0322534e+00
  -2.7918496e-01
   1.5559825e+00
   7.1265214e-01
  -3.6880115e+00
  -3.9397544e-02
   1.1173444e+00
  -2.7424687e-01
  -4.0152123e-01
   1.5824803e+00
  -9.6768179e-01
  -1.2477994e+00
  -5.1466955e-01
   1.0256620e+00
  -3.9690306e-01
  -5.8839870e-01
  -1.7085698e+00
  -7.8089856e-01
   8.1024405e-01
   1.0111992e+00
   7.1965174e-01
  -8.0671489e-01
  -1.0608020e+00
  -4.8761443e-01
  -1.1571312e+00
   1.1319847e+00
   2.6616048e+00
  -3.2653322e+00
  -2.7686763e+00
  -8.7359499e-01
  -2.7884573e+00
   5.5148060e-01
  -6.5461384e-01
   2.6224042e+00
  -4.4727200e-01
  -8.1932896e-01
  -4.2220778e-01
  -1.8777023e+00
   2.0531540e-01
   1.8205751e+00
   2.8391442e-01
   1.9466823e-01
  -4.1941980e-01
  -3.3380578e-01
   1.3315409e+00
   1.0489184e-01
  -1.1914215e+00
  -9.7619756e-01
   3.2011977e+00
   3.9485773e-01
   8.4033512e-02
   1.0635436e+00
  -2.2864658e-01
  -6.2560689e-01
  -2.4401672e-02
  -2.4401672e-02
  -3.4023647e-01
   9.3355399e-01
   2.1225240e-01
   7.7516707e-01
  -3.7012267e-01
   1.2028882e+00
   1.9554753e-01
   2.3333770e+00
   1.0117016e+00
   1.6184080e+00
  -1.2369050e+00
   5.2449984e-01
   1.0064506e+00
  -8.4022695e-01
  -4.5538245e-01
   1.5730091e+00
  -3.1973367e+00
  -1.1537028e+00
   4.4546636e-01
  -6.8498637e-01
   2.4239884e-01
  -6.2094270e-01
  -1.0139755e-01
  -7.8369277e-02
  -5.1274406e-01
   5.8720993e-01
   2.7480250e-01
  -2.4401672e-02
  -1.1850993e+00
  -1.4536931e+00
   3.2876433e-01
   3.8185885e-01
  -8.4024394e-01
  -2.5880316e-01
  -2.4401672e-02
  -4.8016628e-01
   5.5274199e-01
  -1.5756974e+00
  -4.6818563e-01
   4.9435293e-01
   1.5009479e-01
   3.0630056e-01
  -2.4401672e-02
   4.5943402e-01
   6.2427166e-01
  -1.8578434e-01
   7.0572732e-01
  -7.8686967e-01
   4.9853819e-01
   5.5568347e-02
   2.2637936e+00
   5.4489322e-01
   4.5633323e-01
  -1.5576896e+00
   1.3966272e+00
  -9.8507929e-01
  -1.9552029e+00
  -5.8312731e-01
   3.9768950e-02
   5.3361276e-01
  -5.0231824e-01
  -1.0449954e-01
   6.9191054e-01
  -1.5488154e+00
   1.0577367e-01
   1.3303091e+00
  -4.6925437e-01
  -6.1836718e-01
   9.6567094e-02
   4.4859507e-01
  -3.7672102e-01
  -3.3068413e-01
  -8.9121470e-02
  -1.0541916e-01
  -1.0400568e+00
  -1.1964132e+00
  -7.4959144e-01
  -1.4186122e+00
   1.9759817e-02
  -5.9262985e-01
   7.6405194e-01
   7.2191692e-02
  -1.4571064e+00
   5.5003622e-01
   7.3669944e-02
  -6.9691119e-01
  -1.0571282e-01
  -1.9225412e+00
   3.4983877e-01
  -7.1029136e-02
  -4.9307868e-01
   2.1985746e-01
  -2.4401672e-02
   1.0052067e+00
   1.8631963e-01
   2.0364245e-01
   1.5728921e-01
  -4.3413668e-01
   2.0364245e-01
   3.7445209e-01
  -4.6878129e-01
   5.1018540e-01
   1.4410399e+00
   1.0579269e+00
  -1.4446624e-01
  -1.6385984e+00
   2.4091866e-01
  -1.1844102e+00
   1.0296473e+00
   7.7358663e-01
   4.6042457e-01
   1.8659101e-02
   6.1609004e-02
   6.1461599e-02
  -3.6010382e-01
  -1.1687733e+00
  -8.5298145e-01
  -8.0300494e-01
  -6.7644747e-01
   9.7317106e-01
  -9.1117184e-01
  -7.8648257e-01
  -3.0613366e-01
  -3.0772687e-01
   1.0901491e+00
  -1.5192291e+00
   1.3756871e-01
   9.9105678e-02
  -2.4401672e-02
   1.1772951e-01
   3.0567806e-01
  -7.7254813e-01
   6.1396248e-02
  -4.3565756e-01
   1.0028791e-01
  -9.9163647e-01
  -1.4173476e-01
  -8.4356700e-01
   1.2527571e+00
  -1.7011541e-01
   1.6497801e+00
  -1.0221827e+00
  -3.1317023e-01
   9.3175724e-01
  -1.8566670e-01
   6.0818580e-01
  -5.9052302e-01
   1.5172956e+00
   1.3908270e+00
   1.8091314e-01
  -2.5174224e+00
  -9.3140661e-01
  -1.0356088e+00
   1.3101127e-01
   2.0781754e-01
  -2.6632009e-01
  -5.6077008e-01
  -7.1546375e-01
  -2.2361150e-01
   8.5261742e-02
   1.2343406e+00
  -1.0215332e-01
   1.5037016e-01
  -1.1417284e+00
  -8.7401855e-01
  -7.3506900e-01
  -2.2931487e-01
  -3.4368272e-01
   8.9124645e-02
  -2.1835897e+00
   2.9383847e-02
   1.9016485e-01
   8.2479165e-01
   9.7598843e-01
   7.8411251e-01
  -6.7839367e-01
   6.2959032e-01
  -1.4036099e+00
   3.2915750e-01
   2.3398573e-01
  -5.4251597e-01
   2.5735697e+00
   4.2301978e+00
  -7.8414952e-01
  -6.7423188e-01
   7.7278513e-01
   5.9707329e-01
   1.0259765e-01
  -2.4401672e-02
   8.2897882e-01
  -2.7441712e-01
  -5.3724960e-01
   3.0909684e-01
  -2.4401672e-02
  -1.4088532e+00
  -1.9255395e+00
  -4.8696659e-01
   2.1705039e-01
   1.4003732e+00
   1.1587245e-01
   7.5395712e-01
  -8.7752445e-01
  -1.2935738e+00
   2.4346870e-01
   6.2965799e-01
  -9.7511723e-01
  -1.1895985e+00
  -1.2676716e+00
  -1.1511910e-01
  -5.3140060e-01
  -1.2103454e+00
  -3.4838337e-02
   1.5375344e+00
   1.4729903e-01
  -1.4977718e+00
  -1.1692018e+00
   5.0398549e-01
  -3.9368674e-01
  -3.6443237e-01
  -4.9574427e-01
  -7.8244995e-02
  -2.5117765e-01
   2.0237430e-01
  -2.4401672e-02
  -1.8627970e-01
  -9.4071316e-01
   5.1214790e-01
  -3.4125694e-01
  -2.0007998e-01
  -9.0440179e-02
  -5.6699933e-01
  -3.1244340e+00
  -3.3163252e+00
   2.4796382e+00
   6.4489921e-01
  -9.2283351e-01
  -8.7772752e-01
   8.2892417e-01
   9.3335665e-01
  -7.1694606e-01
  -1.7241541e+00
   1.3496646e+00
  -2.0625743e-01
  -3.1675090e-01
   6.9125538e-01
   8.8264828e-01
   6.2192284e-01
   1.8884839e+00
  -6.9189967e-01
  -1.7268082e-01
   7.8299846e-02
   3.2563890e-02
   2.0281507e-01
   3.1450293e-01
   6.4660666e-01
  -7.9977060e-02
   9.6664352e-01
  -1.0710840e+00
   9.1312762e-01
  -1.6908925e+00
  -3.6445642e-01
  -1.0006165e+00
   7.9867265e-02
  -3.7281202e-01
  -1.0604724e-01
  -9.3139550e-01
  -3.2244661e-01
   6.8794976e-01
  -1.5200711e+00
  -3.2896921e-01
   4.2570325e-01
  -4.7450659e-01
   5.8289311e-01
  -2.4401672e-02
  -2.4401672e-02
   8.7295736e-01
   9.4040951e-02
  -7.9933168e-01
  -2.6527332e-01
  -2.4401672e-02
   5.9947199e-01
   1.7098637e+00
   2.6662425e+00
   9.4846786e-01
   2.4252068e-01
   2.0101799e+00
  -2.1122540e+00
   5.0577477e-01
  -1.3063788e+00
   9.4488098e-02
   1.1386857e+00
  -1.5124007e+00
  -1.4348653e+00
  -6.2024936e-01
   4.0352762e-01
   2.0431625e-02
  -8.3760412e-01
  -4.8195012e-01
  -2.5475245e-01
  -1.3188770e-03
   2.8617964e-01
  -7.6374578e-01
   8.8665930e-01
  -1.1687632e+00
   1.7397299e-01
  -1.0599026e-01
  -1.0770880e-03
  -5.5184935e-01
  -2.2511374e-01
   1.5273890e-01
   1.5211480e-01
  -3.6150109e-02
  -5.9159120e-01
  -2.6593469e+00
   7.3387445e-01
  -4.8296879e-01
  -4.7464021e-01
  -4.6604720e-01
  -6.3648816e-01
   5.8768482e-01
  -1.7672367e-01
   6.1979264e-01
  -5.9237709e-01
   2.5407973e-01
   1.1426071e-01
   3.5182943e-01
   1.0876313e+00
  -3.3083202e-01
   1.1065864e-01
   3.2993098e-01
  -4.6463966e-01
  -2.9535281e-01
  -1.4804736e-01
  -6.8486738e-01
   1.2267999e+00
   2.1893849e+00
   1.5541733e+00
   1.5279498e+00
  -6.6630795e-01
   1.0990402e+00
  -1.1255714e+00
   1.0767681e+00
  -5.1693525e-01
   1.4816189e+00
  -3.8861987e-01
  -3.4798432e-01
  -4.0457525e-01
   1.1075726e+00
   1.8834262e-01
   3.4574085e-01
   1.5316615e+00
   1.7319547e+00
  -7.1957327e-01
   5.5536448e-02
   9.5266871e-02
  -2.6402528e-01
   3.1472784e-01
  -1.4460224e+00
  -6.3144702e-01
   1.2026280e+00
   5.8800423e-01
   1.5375505e+00
  -8.7301633e-01
   5.4234728e-02
   6.3916999e-02
  -2.1780085e+00
  -3.3240186e-01
   5.7954295e-01
   1.1421986e+00
  -2.2361150e-01
  -3.0463288e-01
   2.0590307e-01
  -2.7478304e-01
  -2.4401672e-02
  -6.2031056e-01
  -9.1625232e-01
  -1.7072200e+00
   1.4644660e-01
   2.0634507e+00
   1.2874873e+00
   7.5104232e-02
  -4.2361658e-01
  -4.2682316e-01
   1.2718212e+00
  -5.8862156e-01
   4.4129073e-01
  -9.7020514e-01
   4.7561452e-01
   2.0705578e+00
   1.8487588e+00
  -2.4401672e-02
   7.5096247e-01
   8.2821445e-01
   4.6739563e-02
  -8.5772361e-01
  -4.3265278e-01
   6.6608719e-02
  -1.3605130e+00
   2.3466165e+00
  -1.3139842e-01
  -7.2550642e-01
  -7.9976581e-01
   6.1500253e-01
  -1.4700389e+00
   5.9605959e-02
   1.4319219e-01
   1.6115856e-01
  -7.7080217e-01
   1.6396290e+00
   8.7672345e-01
   2.3902666e+00
   1.1614313e+00
  -6.7692285e-01
   4.2824741e-01
   4.6552867e-01
  -1.3194166e-01
  -1.5632523e+00
  -6.8629564e-01
  -1.9776242e-01
  -6.3593227e-01
   1.1912852e+00
   1.0411795e-01
  -2.8177145e-01
   7.0140609e-01
  -1.2255155e+00
  -3.7293321e-01
  -1.4432917e+00
   6.0131287e-01
  -8.9356718e-01
   2.2030782e+00
   2.5454543e+00
  -8.5253964e-01
  -2.6910376e+00
  -4.5779816e-01
  -9.2069045e-01
   1.8396315e+00
   4.0937772e-01
  -1.3815291e+00
   1.5482152e+00
  -6.7367045e-01
  -4.8834557e-01
  -2.3002808e+00
  -1.6518753e+00
  -1.0812257e+00
   3.0463969e-01
   1.7383722e+00
  -1.8740647e+00
   4.9468684e-01
   6.9717451e-01
  -2.4401672e-02
  -2.4401672e-02
   7.2408966e-01
   2.0850516e+00
  -5.4349706e-01
  -2.4401672e-02
  -1.1065825e+00
  -1.4226656e+00
   2.8235462e+00
   1.6443291e+00
  -5.8905063e-01
  -6.3968738e-01
  -1.7061400e+00
  -6.9654041e-01
   5.8367487e-01
   1.2772363e+00
  -6.7099370e-01
   1.8037942e+00
  -1.5687661e-02
   2.2764760e-01
   1.1071022e+00
   9.4905707e-03
  -7.4959144e-01
  -4.2994194e-01
  -5.7319895e-01
  -9.9727120e-01
  -9.2552680e-01
   2.8692381e-03
   6.7948132e-01
  -5.7402927e-01
  -2.5141251e-01
   7.4327491e-01
   3.7730280e-01
   1.2051375e+00
  -5.0384271e-01
   1.0621892e-02
  -1.0323915e-01
   6.8935239e-01
   1.4815302e-01
  -6.9202302e-01
  -1.1176212e-01
   1.2702752e+00
   9.7942744e-01
  -2.5040366e-01
  -1.0585015e+00
   6.1383889e-01
  -6.6699021e-02
   5.2269800e-01
  -4.1939771e-01
  -3.4605269e-01
   5.6652084e-01
   6.8390161e-01
   8.3695834e-01
   3.8062241e-01
   2.1705039e-01
  -7.2784338e-01
  -1.7136455e+00
  -2.9639606e+00
  -5.1801361e-01
  -4.3191486e-01
  -8.5875343e-01
   1.4334559e+00
  -2.7648375e-01
  -4.8627759e+00
  -4.2361658e-01
   2.4009546e+00
   1.2388001e+00
  -5.2336553e-02
   1.7081619e-01
  -1.9827270e+00
  -6.3593227e-01
  -3.1472966e+00
   4.9264323e-01
   1.2553663e+00
  -6.3989095e-01
   1.3771221e+00
   9.4353153e-01
  -1.4719344e-02
   3.1330634e-01
  -2.4401672e-02
  -2.4401672e-02
  -9.7578043e-01
   1.7850587e+00
   6.3298066e-01
   7.1647995e-01
  -1.6248501e-01
   7.5308587e-01
  -1.1524704e-01
   6.0808363e-01
  -2.4401672e-02
   1.5485149e-01
  -2.4401672e-02
   1.9876665e-01
  -2.4757000e-01
  -4.7374286e-01
  -2.6873207e-01
  -4.4343239e-01
   5.3956122e-01
   9.6968473e-01
   1.5038582e+00
  -2.3125367e-01
   2.2543721e-01
   5.7357379e-01
   1.8744307e-01
  -6.6699021e-02
   3.7179063e-01
   2.7695988e-01
  -2.5863716e-01
  -1.9238576e-01
   2.7756533e-01
   1.3423906e-01
  -7.9727263e-01
  -6.0341594e-01
  -8.4468964e-01
   4.5213739e-01
   1.8213056e-01
   1.2391128e+00
  -1.4177403e-01
   1.1808617e-01
  -1.3559891e+00
  -9.2636916e-01
  -8.1827543e-01
   1.5310500e-01
  -1.0989996e+00
  -3.3310889e-01
  -2.1602841e-01
   7.9174462e-01
  -3.8549301e-01
  -2.5141251e-01
  -4.1728266e-01
   1.8612714e-01
  -6.2167210e-01
  -4.4210753e-01
   4.2102781e-01
   1.1353791e+00
   4.5177226e-01
  -2.7540126e-01
  -6.9355652e-02
   5.6486471e-02
  -1.8441363e+00
  -1.5494649e-01
  -2.6774819e-01
  -1.1831211e-01
  -2.1275229e-01
   4.4515384e-01
  -5.1283125e-01
  -2.4196602e-01
  -8.3674232e-01
  -2.6585374e-01
  -5.1082497e-01
   4.1359127e-01
  -2.6725821e-01
  -1.7068267e-01
   7.3163784e-01
   5.9703143e-01
  -9.1592279e-01
   9.8100745e-01
   6.9093862e-01
  -3.1495293e-01
  -1.2133803e+00
   1.6774125e-01
   9.7243399e-01
   6.9508770e-02
  -4.0110425e-01
  -4.9929818e-01
  -2.9232320e-01
   6.6166589e-01
  -4.9028587e-01
  -5.6220012e-01
  -2.5998478e+00
  -6.7919499e-01
  -2.3079210e-01
   2.7275698e-02
   8.8664751e-01
   9.1021819e-01
  -1.3404327e-01
  -9.8142577e-01
  -4.0214053e-01
  -1.2589695e+00
   9.6361470e-01
  -1.2123811e+00
   1.9097689e+00
   7.9076098e-01
  -1.0225269e+00
   4.5193583e-01
  -2.1045286e+00
  -2.0521119e+00
  -2.6196189e+00
  -2.4401672e-02
  -4.1693445e+00
   6.5979676e-01
  -3.2784560e+00
  -3.2227130e+00
  -3.9702668e+00
   3.0710689e+00
   3.9583381e+00
  -7.0226359e-01
  -7.3870131e-01
  -2.4401672e-02
   2.7993203e+00
  -1.3899961e+00
   1.7297694e-01
   2.0465630e+00
   8.3760270e-01
  -1.7250459e+00
  -1.6555000e-01
  -6.3200987e-01
   2.5487058e+00
   4.6739326e-01
  -3.9279456e-01
   3.9290623e-01
   2.8023995e-01
  -1.2254453e-02
  -9.7329206e-02
  -1.4931714e+00
   1.6991513e+00
   1.3953965e+00
   1.3219244e+00
  -1.2180338e+00
   1.8516638e+00
  -2.4310178e+00
  -3.3352258e-01
   6.7433821e-01
   2.1026483e-01
  -5.0665671e-01
   2.7459773e+00
  -3.0476730e-01
   1.2853633e+00
   1.9203731e+00
  -2.6738112e-01
  -9.9747885e-01
   2.1519575e+00
   2.7265040e-02
   1.0968295e-01
   1.4773265e+00
   4.5313528e-01
  -2.2282255e-01
   3.7165736e-01
   2.2155467e-01
   1.5693132e+00
   4.4870105e-01
  -1.9442230e+00
  -1.6150498e+00
  -9.4184513e-01
  -3.8577206e-01
   3.8838094e-01
   3.3401421e-01
   3.1867301e+00
   4.5184912e-01
  -1.1266247e+00
  -9.5358684e-01
  -2.4401672e-02
  -8.2046539e-01
  -1.2941403e+00
   6.4519916e-03
   1.7135035e+00
  -1.2380886e-01
  -8.6730185e-01
  -3.3908965e-01
   8.6379769e-01
  -2.4401672e-02
  -2.4401672e-02
  -2.4401672e-02
   1.5027418e+00
   8.1280305e-01
  -2.4401672e-02
  -2.4401672e-02
  -8.9072654e-01
   1.0324223e+00
  -2.4401672e-02
  -4.1570749e-01
   4.0491721e-01
   3.2563890e-02
  -1.9294730e+00
   4.4547212e-02
  -9.1820309e-01
  -4.2682316e-01
  -1.0963991e+00
   1.1988829e+00
   2.6679766e-01
  -2.6527332e-01
   4.8607353e-01
   1.9191497e+00
  -6.9950033e-01
  -1.2159124e-01
   1.6027146e+00
   9.0860865e-01
   2.1795847e-02
   1.1169052e+00
  -2.8687811e-01
  -1.1346469e+00
  -2.4401672e-02
  -1.5695783e+00
  -9.6126117e-01
   7.5912578e-01
  -2.1672900e-01
  -1.1152953e+00
   1.1627479e+00
  -1.0139163e-01
  -2.8511973e-01
  -7.2832035e-02
  -1.0029720e+00
  -2.5220235e-01
   7.4397637e-01
  -9.7178381e-01
   1.9390707e+00
   9.1511245e-01
   3.5958926e-01
   1.4827916e+00
   1.5441740e+00
   1.6325581e+00
  -8.1152698e-01
  -1.6256434e-01
  -2.2368040e-01
   5.2815902e-01
  -2.3952097e-01
  -1.2464429e+00
   4.9423989e-01
   1.1532638e-01
   1.3942601e+00
  -3.6464886e-01
   1.0730570e+00
  -1.6655657e-01
   9.3767721e-01
   9.1955023e-01
  -1.2980222e+00
  -1.5687891e-01
  -6.7529259e-01
   6.5135542e-01
  -2.4401672e-02
  -2.4401672e-02
  -8.9371368e-01
  -1.2362426e+00
  -3.8852348e-01
   3.6469366e-02
   7.1103646e-02
  -4.5999133e-01
   4.4587210e-01
  -4.1598930e-01
   7.2132060e-01
   1.0147970e+00
   1.2408896e+00
  -1.9516087e+00
  -4.9645079e-01
   6.0117527e-01
  -9.0934696e-01
  -6.7760573e-02
  -1.5571531e+00
  -1.9482764e+00
   1.6115856e-01
  -3.9621196e-01
   1.1466930e+00
  -2.4401672e-02
  -1.1022848e+00
   4.2984496e-01
  -3.3630963e-02
  -1.9082030e-01
   1.9726499e+00
  -7.6851486e-01
  -4.5072029e-01
   1.0569613e+00
   4.1936745e-01
  -3.7020378e-01
   2.2833916e-03
   3.6535508e-01
  -1.3924183e-01
   3.7468044e-02
   1.9416226e+00
  -2.5424365e-01
   3.5808458e-01
   1.7840329e-01
  -5.5852569e-01
  -5.9013559e-01
  -1.3698331e+00
  -9.5291258e-02
  -6.8492955e-01
  -3.4891584e-01
  -7.8692311e-02
   6.3217142e-01
  -7.1720124e-01
  -6.6264223e-01
   2.9573492e-01
   1.5761926e-01
  -1.4059563e+00
  -2.2001530e+00
   1.5406382e+00
  -2.4401672e-02
  -6.0438226e-01
  -3.1209752e+00
  -1.7316808e+00
  -1.6830020e+00
   1.5815437e+00
  -7.7112047e-02
   9.2635354e-01
   3.7760584e-01
  -3.3335151e-01
  -1.9192109e+00
  -1.8043637e+00
   1.0533217e+00
   7.8500537e-01
  -1.2379850e+00
  -7.7582335e-01
  -1.1617068e+00
  -1.2697892e+00
  -6.2343859e-01
  -2.4824384e+00
   7.8806813e-01
   2.2668839e+00
   1.1970774e+00
  -1.4797258e+00
  -3.3556179e+00
  -1.0365817e+00
   2.7597149e+00
  -1.4219813e+00
   5.3194070e-01
   4.5547718e+00
   2.4921267e+00
   1.8856871e-01
  -1.5345631e+00
  -7.9690254e-01
  -2.4393851e+00
   3.3270802e+00
  -2.5758361e-03
   1.3530378e+00
   8.1765523e-01
  -9.7271780e-01
   9.7607605e-01
  -7.0677543e-01
   7.1007943e-01
  -1.8088657e-01
   1.5695115e+00
  -1.2021031e+00
   1.2342060e+00
  -7.1630585e-01
  -6.4294294e-01
  -4.4104612e-01
   5.8894164e-01
  -2.5350180e+00
   5.0508867e-01
  -2.5064124e-01
  -1.3926245e+00
  -3.6358266e+00
   1.6064806e+00
  -7.2187753e-01
   2.0058437e+00
  -8.7465185e-01
   1.6950638e+00
   1.3915962e+00
  -2.3883639e+00
  -7.8447078e-01
  -1.0448125e-01
  -7.9742353e-01
  -2.0289545e+00
  -1.7479547e+00
   1.2371617e+00
  -3.0709296e+00
  -3.3513997e+00
   6.9173552e-01
   3.9437433e+00
  -8.3948757e-01
  -3.3418170e+00
   1.2889601e+00
   1.6317701e+00
  -2.5432467e+00
  -1.5427362e+00
   5.4691573e-01
  -1.3298158e+00
  -3.3613067e+00
   2.4229397e+00
   4.3928436e+00
  -7.7219476e-01
   3.0920414e+00
  -5.3266073e-01
   2.1621343e+00
   3.0461145e-01
   1.8236810e+00
  -3.0149667e+00
  -4.2078640e+00
  -1.0754668e+00
   1.5640910e+00
   1.3205009e+00
  -3.1236036e+00
   1.8277108e-01
   2.2918957e+00
   7.9791091e-01
   1.9181917e+00
  -8.0254226e-01
  -1.0595610e+00
  -3.3612675e+00
  -3.1508500e-01
   8.1534146e-01
   1.2826019e+00
  -1.1814627e+00
   1.5696490e+00
  -1.4320317e-01
   6.1902458e-01
   6.2374717e-01
  -5.0322351e-01
   1.3479686e+00
   1.1457541e-01
  -1.0015956e-01
  -1.2523712e+00
   1.9560407e+00
   9.9919003e-02
   4.0830730e-01
   3.4354030e-01
  -1.7650653e+00
   1.7162620e+00
  -1.3743861e+00
  -3.6449916e-01
  -2.1281226e+00
   1.7623423e+00
  -1.0077548e-01
  -1.2102844e+00
  -1.0522899e+00
   1.5741511e+00
  -8.1730280e-01
  -3.9048801e+00
  -3.8560555e-02
   8.3205006e-01
  -8.5253964e-01
  -2.4401672e-02
  -2.4401672e-02
  -2.4401672e-02
  -2.4009599e+00
   1.4092489e+00
  -2.4401672e-02
  -2.4401672e-02
   5.3321043e+00
  -1.0191291e+00
   7.6254445e-01
  -1.6780569e+00
  -2.4775910e+00
   1.7295843e-01
   1.0198464e+00
   3.5993823e-01
   4.9253092e-01
  -9.9461763e-01
   1.7513173e+00
  -1.2921714e+00
   7.0780761e-01
  -3.3496128e-01
  -1.9433765e+00
  -8.9031743e-01
  -1.0222650e+00
  -4.6453223e-01
   9.9661895e-01
   2.5230698e+00
   7.2471283e-01
   1.9894557e+00
   3.2500762e-01
  -3.4119893e+00
   2.1228322e+00
  -1.3505102e+00
  -1.6382621e+00
   1.0709776e+00
   1.3286702e+00
  -2.7540051e+00
  -1.6869512e+00
   1.6945047e+00
  -1.9366267e-01
   1.2864199e+00
  -1.4200687e+00
   9.4275194e-01
   2.3611753e+00
  -1.0136252e+00
  -9.9224177e-01
  -1.6328130e+00
   1.9679288e+00
   5.4601671e-01
  -2.1382045e-01
  -1.6640485e+00
  -1.0145763e+00
  -1.5768146e+00
  -1.5200711e+00
  -6.5077039e-01
  -3.8568809e+00
  -2.6300813e+00
   2.2649709e+00
  -8.6645858e-01
   2.8789162e+00
   1.9861987e+00
  -3.9529447e-01
  -3.6681572e-01
   1.8456065e+00
  -2.4124592e+00
   1.6209531e+00
  -1.6539790e+00
   7.1382760e-03
  -1.6750945e+00
  -2.6157004e+00
   3.0054329e-01
   1.9969580e+00
  -1.8839922e-01
   2.3025738e+00
   3.0765716e+00
  -2.2702521e+00
  -3.8022461e-01
  -1.4735159e+00
   1.0037570e+00
   1.5628214e+00
   1.8750707e-01
  -1.5113754e+00
   1.2354927e+00
  -2.4401672e-02
  -2.4401672e-02
   1.2193889e+00
   1.6064703e+00
  -1.3748420e+00
  -4.3570232e+00
   1.7569520e+00
  -2.1600566e+00
   7.7723473e-01
  -2.4401672e-02
  -1.4439771e+00
   1.0440329e+00
   1.6297736e+00
  -3.5089634e-01
  -1.3200585e+00
   1.8605055e+00
  -1.2257025e+00
  -1.1905273e+00
   2.4059921e-02
  -4.4596771e-01
   8.9446273e-02
  -2.5054135e+00
   1.4601076e-01
   6.8506759e-01
   1.6416685e+00
  -1.2728898e+00
  -4.4198374e-01
  -6.3190101e-01
   2.6505570e-02
  -7.4440799e-03
   1.9047248e+00
   1.7545263e+00
  -5.3079847e-01
   1.3560570e+00
  -1.7399868e+00
   1.3340371e+00
  -6.2010514e-01
   8.2002067e-01
   1.8325385e+00
   6.2877886e-01
  -4.6882688e-01
   1.7732094e+00
   1.2372317e+00
   9.3231295e-01
  -6.1846678e-01
  -1.6357178e-01
  -1.3518506e+00
   3.7469966e-01
  -1.5523474e+00
   1.6169915e+00
   1.2206735e+00
   7.2983903e-01
  -1.1252690e+00
   1.3344049e+00
   1.0870698e+00
  -5.8375109e-01
   6.2756852e-01
  -1.9654818e-01
  -9.6165093e-01
  -1.2973597e+00
   1.4643358e+00
   5.5094231e-01
  -5.4594570e-01
   3.5058906e-01
  -1.4590561e+00
   2.3579378e-01
  -1.8464645e+00
   4.5490446e-01
  -3.1990185e-01
   1.0921060e+00
   6.6098804e-01
   6.2486711e-01
  -2.6689252e-01
   6.5963024e-01
   7.2921295e-01
  -6.3784255e-02
  -2.8774633e-01
   6.7926495e-02
  -4.2129738e-01
  -4.9145585e-01
   4.4265251e-01
  -1.7072151e-01
   9.5179806e-01
   1.4305217e+00
   1.8071780e+00
   1.5413885e+00
   2.3580348e-01
   2.9310498e-01
   2.7945542e-01
   2.2533181e+00
  -4.8297156e-01
  -9.0856356e-01
  -3.8017854e-01
   6.3920017e-01
   3.7183635e-01
   2.3428736e-01
   1.4567478e+00
  -1.8804212e-01
   1.3923878e-01
   5.9260273e-01
  -9.6922320e-01
  -4.2063472e-01
  -1.6414344e+00
  -1.2255946e+00
   1.2110173e+00
  -7.4810473e-01
  -1.8665416e-01
   5.9855481e-01
   4.7752718e-01
   5.6237592e-01
  -1.3429306e+00
  -2.1657042e+00
  -1.4632794e+00
  -1.7869374e+00
   7.3857561e-01
  -2.0139325e-01
  -1.0044703e-01
  -1.1921354e+00
   1.4216025e+00
  -1.4704058e+00
   2.2100229e+00
   2.8505704e-01
  -9.5857180e-01
   1.2624101e-01
   2.4457041e+00
  -5.6422595e-01
   9.6678788e-01
   8.5469223e-01
   4.8424439e-01
   3.5372244e-01
  -9.3441527e-01
   9.5405620e-01
  -3.5802561e-02
  -1.1311461e+00
  -2.6979583e-01
  -9.4653580e-01
   8.7429877e-01
   1.5332742e+00
  -1.2666440e+00
  -2.2277634e-01
   6.0303351e-01
   1.4097608e+00
  -1.8174072e-01
  -1.2580975e-01
   2.1189867e-01
   5.4118090e-02
  -1.7032217e-01
  -1.0315064e-01
   7.9081481e-01
  -1.6860983e-01
  -7.9977060e-02
  -1.6060818e+00
  -4.3932087e-01
  -9.1179185e-01
  -6.6460564e-01
  -2.9958511e-01
   1.0438948e+00
   4.6644682e-01
  -7.3889037e-01
  -2.7274995e-01
  -9.9401686e-01
   5.5244757e-01
  -2.3994257e-01
   1.5699964e+00
   6.5678665e-01
  -8.8026027e-01
  -4.4611177e-01
  -8.3254265e-02
  -4.9772788e-01
   1.3476773e+00
   5.8498368e-01
  -4.8362768e-01
   4.4625122e-01
   1.2391124e-01
   5.3071065e-01
   1.2184648e-01
  -1.2870940e+00
  -8.2035645e-02
  -2.4401672e-02
  -2.4401672e-02
  -2.4401672e-02
   6.4011069e-01
   1.2333932e-01
  -2.4401672e-02
  -2.4401672e-02
   5.3980707e-01
  -4.4130381e-01
  -2.3163326e+00
  -8.2431878e-01
   3.7118354e-01
  -8.1872041e-01
  -3.2859937e-01
   6.0960024e-02
   1.6294118e+00
  -4.3870816e-01
   1.2315688e+00
  -1.2803721e+00
  -6.2227519e-01
  -2.4139472e-01
   2.4068469e-01
  -5.0742500e-01
  -2.4329079e-01
  -3.6590264e-02
   2.9154198e-01
  -8.5496239e-01
  -2.9608746e-01
  -1.1115703e-01
  -1.7789752e+00
   2.5742636e-01
  -5.1219590e-01
   7.4364413e-01
  -2.9188047e-01
  -8.3551434e-01
   4.1497205e-01
   6.7829156e-01
   7.6992152e-02
  -8.1562413e-01
   4.4928133e-01
  -1.1661378e-02
   4.6995959e-01
  -1.0309188e+00
  -6.3025243e-02
  -1.1444649e+00
  -3.4149897e-01
   1.0796619e-01
  -1.5676953e-01
   7.7765550e-01
   1.6306088e+00
  -4.8079234e-01
   1.1549264e-01
  -5.2216326e-01
   4.2253444e-01
  -1.5867615e+00
  -1.9519394e-01
  -2.1069342e+00
   1.6737955e-02
  -8.9550848e-01
   1.0097330e-01
   9.4017280e-01
  -1.1841397e+00
   3.5254222e-03
  -1.7137652e+00
  -5.3286773e-02
  -4.8884260e-01
   1.0574283e+00
  -2.6757717e-01
   1.3335911e+00
   3.5020913e-03
  -5.5724908e-01
   5.3633397e-01
   6.1278012e-01
   2.7749640e-01
  -7.8258545e-01
   4.5000204e-02
   6.3701000e-01
  -2.4401672e-02
  -2.4401672e-02
   9.3820016e-01
  -5.1016994e-01
   2.1907119e-01
   5.9248393e-01
   2.0166918e-01
   2.2706443e-01
   2.1267072e-01
   9.3861220e-01
  -3.7363055e-01
  -3.3688422e-01
  -4.9681047e-01
  -9.0222599e-01
  -1.0135854e+00
   1.6682454e-01
   8.0038381e-01
  -2.7984914e-01
   9.6762127e-02
  -1.4703849e+00
  -1.2137625e-01
  -1.7741006e+00
   6.6016859e-01
  -4.7974096e-01
   9.1024375e-01
  -6.3135426e-01
  -6.9633547e-01
   3.3413146e-01
   1.1338960e+00
  -1.2398925e+00
  -2.6820364e-01
   6.0419314e-01
  -4.8077790e-01
   7.9974339e-01
   1.4443153e-01
   4.5777925e-02
   4.5679758e-02
  -7.7230007e-01
   2.0255775e-01
   3.7032006e-01
   2.4168502e-01
   4.0672865e-01
  -4.4156650e-01
  -6.9917560e-01
   4.6851649e-01
  -5.7396338e-01
  -9.2508965e-01
   4.9225814e-01
  -2.1035925e-01
  -5.7196129e-01
  -6.6598584e-01
   6.3572374e-02
  -3.7722853e-01
  -5.8817601e-01
   8.0422547e-01
   2.3905839e-01
   5.1284290e-01
  -3.8846305e-02
   3.3351886e-02
  -5.7576717e-01
  -9.2237594e-01
  -2.4770262e-01
   1.0969829e-01
  -2.6305032e-01
  -8.4241878e-02
  -4.0003101e-01
  -6.3132862e-01
   3.5578839e-01
  -7.4156230e-01
  -7.5197717e-01
  -2.4318458e-01
   4.5876816e-01
   3.4649112e-01
   5.5728706e-01
  -4.3701116e-01
   4.0342459e-01
  -4.0621427e-01
   7.0612704e-01
   1.1139448e-01
   9.1600312e-01
  -2.4671178e-01
   3.7504901e-01
   2.6944789e-01
  -1.0306027e+00
  -2.3409313e-01
  -1.3629470e+00
  -1.0523145e+00
   7.0590548e-03
  -9.9295460e-01
  -2.6546648e-01
  -6.5665308e-01
   5.5949727e-01
   3.2910414e-01
  -8.8490209e-02
  -4.5915696e-01
  -1.7016252e-01
   1.3671658e+00
   5.2470112e-01
   1.6248523e-01
   4.2438434e-01
  -3.6449139e-01
  -7.4304683e-01
  -4.6693887e-01
   3.8665503e-01
  -1.0318956e-01
   2.9000919e-01
   3.5030526e-01
   1.9289015e-01
  -4.9118648e-01
   1.6283445e-01
   6.1009313e-01
   1.4006606e+00
  -2.6412082e-01
  -1.2097448e+00
   8.3128170e-02
  -5.4886490e-01
   1.7677719e-01
  -1.6359326e-01
  -7.1051668e-01
  -5.2936299e-01
  -1.0376365e-01
  -8.0887500e-01
  -5.6683379e-02
   5.3754693e-01
  -6.5097615e-01
   8.7286169e-01
   8.2585920e-01
  -1.9643658e-01
   3.7757055e+00
  -3.5952805e-01
  -5.6826638e-01
  -4.1013984e-01
  -4.7320616e-01
   1.4416463e+00
  -6.8202817e-02
   2.6688523e-01
   1.9145663e-02
   1.2081272e+00
  -4.7948246e-01
  -2.6785521e-01
  -1.0395115e+00
  -8.2178518e-01
   4.0539981e-01
   5.6244201e-01
   9.0048101e-01
  -2.6841319e-01
   8.3156231e-01
   9.8381761e-01
  -1.5730309e+00
  -6.5750978e-01
   6.3729485e-01
  -3.8693844e-02
   4.7018449e-02
   5.0096651e-01
   3.6954413e-01
  -1.7879688e-01
  -4.3373906e-01
  -4.7999976e-01
   6.1339147e-02
  -1.0125791e-02
  -4.6885655e-01
  -5.0190415e-01
  -4.6247972e-01
  -1.5657553e-01
   3.2729002e-01
  -6.8228361e-02
  -3.9019092e-02
  -4.9442523e-01
   2.4052894e-01
   4.7223243e-01
  -1.8453933e-01
  -7.4402686e-01
   4.9504826e-02
   4.6066587e-01
  -4.5042241e-01
  -4.0945570e-01
   3.4589718e-01
  -9.8242815e-02
  -1.4277434e-01
   1.3828874e-01
  -4.9915755e-01
  -4.8865171e-01
   2.4568635e-01
   9.0960259e-01
  -2.4520946e-01
  -2.4401672e-02
  -4.5407605e-01
  -3.5283746e-01
  -1.7440540e-01
  -2.4401672e-02
  -2.4401672e-02
   1.0163136e+00
   1.1822141e+00
  -5.3137668e-02
   1.4484363e+00
   7.3193585e-02
   2.6724859e-01
  -3.7179737e-01
  -6.4173042e-01
  -1.5161598e-01
  -1.3775287e-01
  -8.1173584e-02
   8.0652986e-01
   5.9332954e-02
   1.7413219e-02
  -2.7581612e-01
  -3.7569470e-01
   6.7573837e-01
   5.8961419e-02
  -4.0063278e-01
   3.1514858e-02
   1.2855985e+00
   7.5886764e-01
  -6.4460752e-01
  -7.3487519e-01
   9.9288106e-02
   1.0618459e+00
  -2.1280289e-01
  -2.5413114e-01
  -1.7361344e-01
   6.6368280e-01
   1.2849033e+00
  -2.2059513e-01
  -5.6461715e-01
   2.3984581e-01
  -1.6956529e-01
   6.8023824e-02
  -5.9487040e-01
  -5.3400078e-01
  -4.1682366e-01
   2.8708135e-01
   2.9857257e-01
   5.3584130e-01
  -7.7489048e-02
  -3.4411266e-01
  -1.8502550e-01
  -6.4638221e-02
  -1.3293359e+00
  -9.3307207e-02
  -2.5939190e-01
  -1.0760325e-01
  -1.6337876e-01
   2.2548017e-01
  -1.3859694e+00
  -1.9544436e-01
   4.5871070e-01
  -8.0997224e-02
   4.8267137e-01
   6.7145960e-01
   4.9806350e-01
  -2.4401672e-02
  -2.4401672e-02
  -4.7780935e-01
   4.0164325e-01
   1.2590889e-01
  -2.2948262e-01
  -5.6157439e-01
  -5.2104856e-02
  -2.4658034e-01
  -4.2962909e-01
   1.7163460e-01
  -5.0182710e-01
  -3.7837521e-01
  -1.2396407e-01
   1.6034274e-01
  -1.3758504e+00
  -1.7289408e+00
  -1.9052489e-01
  -2.8222592e-01
   4.2969092e-01
  -1.2137132e+00
   6.0426747e-01
  -6.8394032e-01
  -4.8974130e-01
  -4.4693504e-01
   5.3818797e-01
   3.7801982e-01
  -1.6333593e-01
   8.9463125e-01
   2.6314569e-01
   6.2033321e-01
  -1.8854576e-01
  -5.3518301e-01
  -5.4610420e-02
   8.7403017e-01
   5.3638352e-01
   4.8920756e-02
   1.0730889e-01
   6.7226596e-01
   1.0310001e+00
   2.4303060e-01
  -1.0365755e-02
  -4.6135406e-01
  -3.5107264e-01
   5.9868524e-01
  -3.0666274e-01
   3.7032006e-01
   5.9778476e-02
   1.2352889e+00
  -5.1749493e-02
  -4.6400927e-01
  -1.2108218e-01
   5.8022801e-01
  -5.1727120e-02
  -4.6364794e-01
   5.5132304e-01
   3.6929633e-01
   4.3165710e-02
  -3.0879907e-01
   8.7737709e-01
  -1.9810919e-01
  -2.7937019e-01
   6.9687582e-01
   7.2584715e-01
  -5.0536888e-02
  -4.1807478e-01
  -4.8763103e-01
   4.5200008e-01
   2.9070129e-01
  -6.3010038e-01
   6.8589249e-01
   1.4510159e-01
   6.6632342e-02
   2.4771211e-01
  -1.1614806e+00
   1.1255983e+00
   1.5399971e+00
   1.0165711e+00
  -1.4676949e+00
   6.6510411e-01
   4.2182677e-01
  -3.6743391e-02
   4.1799596e-01
   7.4051710e-01
   9.5402879e-01
  -2.6128725e-01
   9.7471708e-01
   1.3826473e-01
  -3.0358256e-01
   9.4600020e-01
   1.0732858e+00
  -8.4824906e-01
   2.0266061e-01
   4.3516828e-02
   4.3424881e-02
  -3.7583142e-01
   3.0442942e-01
   4.3684543e-01
   3.4378611e-01
  -7.5222281e-01
   2.0693926e-02
  -1.7111102e-01
  -5.5842571e-01
  -4.9494676e-01
  -2.6713495e-01
   8.4854377e-01
   9.3423254e-01
  -4.0565710e-01
  -6.8155039e-01
  -6.7872848e-01
  -5.5875765e-01
  -1.2724430e-02
  -7.0622120e-01
   4.7025460e-01
   3.4161989e-02
  -4.5940256e-01
   1.4417392e+00
   3.0705499e-01
   1.0797398e+00
  -5.7843351e-02
   1.4258395e-01
   7.5523205e-02
  -1.1914254e+00
   4.8390035e-01
  -9.1878055e-02
   1.4504111e+00
  -7.9067479e-02
   1.5053605e+00
   9.0069934e-01
   2.0666392e+00
   1.6554550e+00
  -3.2478695e-01
  -7.3020023e-02
   1.8916706e-01
  -1.3893205e+00
   8.3424339e-01
   1.8067128e-01
   2.4474169e+00
  -2.3113986e+00
  -1.4924213e+00
  -3.5543497e-01
  -1.0822009e+00
  -6.5535670e-02
  -6.9760631e-01
  -5.2740902e-01
  -1.7206849e-01
  -2.8917983e-01
   1.3463308e-01
  -8.5695046e-01
  -4.0252578e-01
  -6.2442329e-01
   7.1639939e-01
  -6.0084653e-01
   9.9346636e-01
  -1.7029545e+00
  -7.1638746e-01
   9.4392903e-01
  -2.4535553e-01
  -4.6550747e-02
   3.6180049e-01
  -2.7785602e-01
   1.1763383e+00
   5.1201894e-01
  -1.0267826e+00
  -1.4040793e+00
   9.2888013e-01
  -4.4338427e-01
  -4.9160103e-01
  -4.5089301e-01
  -1.7114407e-01
  -1.9425563e-01
   5.0589417e-01
  -2.7192666e-01
  -2.7315563e-01
  -2.5161842e-01
  -1.3839764e-01
   8.9594296e-02
   4.2900601e-01
   1.4457389e-01
   1.2305540e+00
   8.9929927e-01
  -1.4298446e-01
   8.3412457e-02
   4.0175617e-02
  -1.3646879e-02
   1.7950199e-01
  -4.0065968e-01
  -2.1901170e-01
  -3.5044104e-01
  -3.6355296e-01
  -7.2080031e-01
   2.6417497e-01
  -4.3557059e-01
  -4.0523092e-01
  -4.3081297e-01
  -2.4401672e-02
  -2.4401672e-02
   7.6283887e-01
   6.4786080e-02
   3.1260156e-02
  -4.9389432e-01
   5.2291380e-01
   1.0743530e+00
  -4.6101626e-01
  -5.6449251e-01
   1.3050501e-01
   4.9216684e-01
   2.6995943e-01
   1.5696433e+00
   4.9253375e-02
   7.1316590e-03
  -7.3341780e-01
  -3.8807556e-01
  -6.4007586e-01
   4.7304586e-01
  -9.2558539e-01
  -2.1099856e-01
   5.4419080e-01
   7.6308102e-01
   2.1640461e+00
   1.1883242e-01
   1.8968459e-01
  -4.8428339e-01
   1.2427677e+00
  -7.3006413e-01
  -3.0947332e-01
   5.7440444e-01
   5.1745523e-01
  -5.4608495e-01
   9.1471125e-01
   4.4963724e+00
   2.5060994e+00
  -3.5219999e-01
  -6.6020126e-01
   4.6405407e-01
   1.2440511e+00
  -2.4492537e-01
  -6.1438771e-01
   6.4202939e-01
  -1.0934779e-01
   3.5075727e-02
   4.8252886e-01
  -8.2088613e-01
  -9.9023797e-01
  -1.9051919e+00
   9.2984284e-02
   1.2665938e+00
  -3.3298905e-01
  -1.2418573e+00
   3.4575038e-01
   2.2682267e-01
   1.1859152e-01
   1.3140581e+00
   5.4581997e-01
  -1.7065755e-01
   1.8659101e-02
   6.5958447e-01
  -4.2511115e-01
   2.1941246e+00
   5.7422952e-02
   6.6576442e-01
  -4.9430647e-01
  -4.3305978e-01
   1.5581869e-01
   8.9119530e-01
  -9.6715190e-02
   1.3085356e+00
   9.9091005e-01
  -6.3422282e-01
  -4.0640914e-01
  -8.2111560e-01
   5.2125651e-01
  -1.2182915e+00
   3.8472101e-01
  -1.6040503e-01
  -2.4401672e-02
  -2.4401672e-02
  -8.3198212e-01
   4.8588905e-01
   1.3114976e+00
   1.3228714e-01
  -3.0679532e-01
   7.7935737e-01
   2.3040967e-01
  -2.9469785e-01
  -2.8025450e+00
  -2.4401672e-02
  -5.7152912e-02
  -7.4208991e-01
  -1.3290847e+00
  -2.3805320e-01
   1.4659237e-01
   2.1715038e+00
  -1.3071293e-01
  -6.2560689e-01
  -1.7780808e+00
  -1.5312530e+00
  -4.5956511e-01
  -1.6193659e+00
  -4.2192233e-01
  -4.2967990e-02
  -4.5333701e-01
   1.7240272e+00
  -4.9688663e-01
   8.5339862e-01
  -2.4401672e-02
   1.4575184e-01
  -1.1271608e+00
   4.2143058e-01
  -2.1498705e-01
  -2.8878860e-01
  -1.1334941e+00
  -1.5135580e+00
  -1.8833609e-01
  -4.5121027e-01
   9.4041163e-01
  -6.9781512e-01
   6.2688810e-02
  -1.0697412e+00
   2.4881630e+00
  -6.0044677e-01
   6.7355564e-01
   1.5324579e-01
  -1.0617308e+00
   2.9852665e-01
   5.8722738e-01
  -3.5281229e-01
  -9.5557170e-01
   1.4793210e-01
   1.1095858e+00
   1.0936246e+00
   3.1255218e-01
  -7.8889124e-02
  -1.1360721e+00
   4.2875492e-01
  -1.7192097e-01
  -1.6309662e-01
  -8.4590436e-01
   3.8803341e-01
  -4.5566472e-01
  -4.6890798e-01
  -4.4414005e-01
  -7.3835353e-01
   1.6478640e+00
  -1.1847081e-01
  -9.5574834e-01
   1.9413412e+00
   6.1710781e-01
  -3.7163010e-01
   4.2026074e+00
  -4.3056129e-01
  -2.1166430e-01
  -6.4220139e-01
   6.7860420e-01
  -2.8045610e-01
   5.2873828e-01
  -7.4897450e-01
   7.8473017e-01
   1.5638701e+00
   1.0638961e-01
   4.0866152e-02
   5.5921387e-01
  -8.0844657e-02
   2.4113172e-01
   8.2701707e-01
   2.3529259e-01
  -3.3145804e-01
  -8.7663255e-01
  -2.4176083e-01
   5.5314024e-01
  -3.3641019e-01
  -2.4961216e-01
   2.5695362e-01
   2.9522433e-01
  -4.6441510e-01
   7.4112585e-01
