  4.3825906e-002
  1.4805376e-002
  3.7111747e-002
 -2.1522634e-002
  9.8125515e-003
 -5.4775363e-003
 -1.2404829e-002
 -3.5703420e-002
 -5.2513338e-002
 -1.9884741e-003
  1.0979224e-003
 -1.9195618e-002
  7.3547762e-002
 -6.8172661e-003
 -3.6228176e-002
  1.4194361e-002
 -1.1447042e-002
  1.6149571e-002
  1.1541625e-002
  2.2027074e-002
  1.1413538e-002
 -7.8042742e-003
 -1.0962265e-002
 -5.1671856e-003
  1.9044975e-002
  4.4469098e-003
 -2.9659999e-002
  2.7598729e-004
  2.7493896e-003
  4.7644086e-003
 -2.9879276e-003
 -4.9567832e-003
 -7.9041122e-003
  8.8135582e-003
 -1.0525842e-002
 -2.2325762e-002
  7.3151457e-003
  6.0716610e-003
 -2.9910823e-002
 -1.9697582e-003
 -2.4342210e-002
  4.8463112e-003
 -3.7182661e-002
  3.5362828e-002
  3.1862226e-002
 -1.6507699e-002
  1.2071886e-002
 -1.2354951e-002
  8.6890137e-005
  2.5065148e-002
 -3.0230104e-004
  2.0422980e-002
  1.1546420e-002
  1.3811844e-002
  1.3118158e-002
 -7.1182687e-003
 -3.2030637e-002
 -2.0313575e-002
  1.2415890e-002
 -1.2135665e-002
  1.2907297e-002
 -1.1829510e-003
  2.8962653e-003
 -1.8361564e-003
 -5.9947786e-004
 -5.9947786e-004
  1.1051701e-002
  8.6389593e-003
  1.6434542e-002
  9.1641815e-003
  4.3158977e-003
  1.5363592e-002
  7.5894115e-004
  1.5826337e-002
  5.3495221e-004
  2.4428172e-002
 -2.8766638e-002
  2.4832059e-002
  1.8202562e-002
 -2.6498406e-003
  1.6759089e-002
 -4.1989892e-003
 -1.4807611e-002
 -4.3281868e-003
  4.1553984e-003
  1.0540186e-004
  9.0267081e-003
 -5.1778910e-003
  4.1058147e-003
  7.0469305e-003
 -7.6117306e-003
  1.3638528e-003
 -1.7379787e-002
 -5.9947786e-004
  8.1129411e-003
 -1.8880111e-002
 -1.3216086e-002
 -1.8186287e-002
 -7.4520408e-003
  9.3949039e-003
 -5.9947786e-004
 -2.0893449e-002
  1.4542085e-002
 -2.1204789e-002
 -1.1271203e-002
  4.5784826e-003
  1.3955010e-003
  8.8397167e-003
 -5.9947786e-004
  1.0974647e-002
  2.6421119e-002
  1.2328635e-003
  2.9248699e-003
 -1.5697572e-002
  2.4804311e-002
  5.9562369e-003
 -3.2294547e-003
  6.0582511e-003
  1.2206580e-002
 -1.2831465e-002
  4.1237178e-002
  1.1496831e-002
 -1.7415813e-002
 -1.4022498e-002
  3.8742465e-003
  1.4658601e-002
 -2.3319985e-004
 -9.0470022e-004
  2.4243524e-002
  8.7663286e-003
  1.3752173e-002
  4.9104975e-003
  1.7691647e-003
  1.0818071e-002
 -8.6183077e-003
 -5.4996116e-003
 -1.1523468e-002
  2.4098835e-002
 -2.1396510e-003
 -4.2024671e-003
  1.8039568e-003
 -2.2032377e-002
 -9.0437900e-003
 -1.2506849e-002
  1.8992793e-002
 -3.0735819e-002
  7.9760297e-003
 -2.0933979e-003
 -1.0032660e-002
  1.5033796e-002
  8.9824255e-003
 -3.0158633e-003
  2.0131797e-002
 -2.1389762e-002
 -5.3908271e-003
  6.7849893e-003
 -2.4364034e-002
  5.5895159e-003
  2.6640825e-002
  9.7807365e-003
  6.6431818e-003
 -9.5743396e-003
 -1.2985157e-002
 -4.4098996e-003
  1.0498119e-002
  1.1295114e-002
  3.8676277e-003
  7.7654385e-003
 -5.8834310e-003
  1.4103343e-002
 -3.2976245e-003
 -2.7873377e-002
  7.7528647e-003
 -2.1993458e-002
  1.9991105e-002
  3.6397586e-003
  3.5080070e-003
  1.5607783e-002
  1.8706569e-002
  1.3530984e-002
 -1.0781701e-002
 -1.6709282e-002
 -3.4957704e-003
 -2.2422216e-002
 -1.3105377e-002
  1.3330639e-002
  5.3843760e-004
 -2.3200285e-002
  2.0180042e-002
 -4.3074884e-002
  1.0924451e-002
 -1.6949584e-002
 -4.4892527e-003
 -1.0905430e-002
  6.1139593e-004
  3.0086000e-002
  2.0017414e-002
 -1.0941907e-002
  3.9782500e-003
 -8.2601270e-003
  3.0060157e-003
 -1.6448955e-003
 -2.4236514e-002
 -1.3353760e-002
 -4.6452549e-003
 -1.5903255e-002
  2.0315681e-002
  8.4449371e-003
 -1.2555872e-003
  2.2345290e-002
  5.7364634e-003
  1.8000369e-002
  4.6760825e-003
  1.9729954e-002
  2.5555354e-003
  4.4998508e-004
  8.7964538e-003
  1.2818438e-002
  5.9085456e-003
  4.7216132e-004
  2.3416221e-003
  1.1184723e-002
  1.8840934e-002
 -3.0867835e-003
 -2.2207199e-002
 -2.4036704e-003
  1.3324798e-002
  1.0547051e-002
  2.1986175e-002
  3.4435862e-003
 -3.3671784e-002
  4.9469966e-004
  4.8017298e-003
  2.5321556e-002
  9.1439572e-003
  5.7279229e-003
 -1.3697046e-002
  4.3697882e-003
  2.7346058e-002
  3.8456424e-002
  3.2151071e-002
 -1.3507002e-002
 -4.2786579e-003
  8.7101672e-003
 -2.9732023e-002
  1.4281263e-002
  2.2197445e-002
  1.4180997e-002
  3.6261776e-002
 -4.3027073e-003
 -1.5682458e-002
  2.0685317e-003
 -5.6791875e-003
  2.3902518e-002
 -5.9947786e-004
 -6.7443525e-003
  2.2957082e-002
  8.6615936e-003
  1.9592384e-002
 -5.9947786e-004
 -3.3721831e-002
 -3.9195017e-002
 -3.1688216e-002
 -4.0485396e-003
  3.3982238e-002
  5.0799208e-002
 -1.8099549e-003
 -1.7659347e-002
  2.1875266e-002
  3.9023776e-002
  2.0145285e-002
 -3.6267789e-002
 -7.7169456e-003
  2.4749962e-002
 -7.5478326e-003
  1.5775436e-002
 -7.6809040e-003
  3.4814327e-003
  3.6884541e-002
  9.2916497e-003
 -7.3159628e-002
  2.9122291e-002
  6.9684438e-003
  4.7969299e-002
  3.9518216e-002
  1.5788221e-003
  4.6024302e-002
  3.9214246e-002
 -2.4739323e-002
 -1.2772750e-002
  2.2606687e-002
 -7.3466415e-002
  6.9662250e-003
  1.4919952e-002
 -2.2010254e-002
  1.6201708e-002
  1.1472963e-002
  6.5079590e-002
 -8.4671344e-003
  3.6342684e-002
 -4.1367737e-002
  2.6837573e-002
  9.2656320e-003
  1.7325457e-002
 -1.0257175e-002
 -1.9975825e-002
 -1.8764814e-002
 -2.8615284e-002
  2.9299690e-002
  1.4980069e-002
 -6.5076251e-002
  1.5784308e-003
 -6.9148114e-002
  9.5782662e-003
  3.1213408e-002
  6.9460998e-002
 -1.6840792e-002
 -4.9856159e-002
 -7.5035117e-003
  3.3047784e-002
 -2.7134235e-002
 -8.8673033e-003
 -5.1285824e-003
 -3.0023867e-002
  3.6676967e-003
 -3.9150669e-002
 -1.8192577e-002
 -3.1689663e-002
  5.0406340e-002
  1.9330798e-002
  2.1635348e-002
 -4.1044889e-002
 -1.7095163e-002
  8.1342021e-003
 -5.2636013e-002
  3.4275772e-002
  1.6222958e-002
  1.5981677e-002
 -1.2663668e-003
 -5.9947786e-004
 -5.9947786e-004
  1.5138455e-002
  2.2267317e-002
 -2.4305735e-002
  5.6765825e-002
 -5.9947786e-004
  3.0661022e-002
 -3.3171001e-002
  8.0627515e-003
  2.9838167e-002
 -1.4203766e-002
 -2.2751906e-002
 -4.5425106e-002
  5.5709453e-003
 -9.8905766e-005
 -6.6229445e-003
  2.6574951e-002
 -3.9384910e-002
 -1.5739341e-002
 -1.3836332e-002
 -2.8457067e-002
  2.5759815e-002
 -3.0765847e-003
  1.6575841e-002
  2.9035402e-003
  2.9994811e-002
 -2.6722397e-003
  5.1792355e-003
  3.4179038e-002
  2.6779070e-002
 -1.2637688e-002
 -6.1289456e-003
 -1.6163728e-002
  6.1839443e-003
  7.6028921e-003
 -1.6968253e-002
  1.1334700e-002
 -1.0098184e-003
 -1.4478784e-002
 -3.0592222e-002
  1.0841807e-002
  1.5278044e-002
 -1.7007082e-002
 -1.1939604e-002
  1.6859925e-003
  2.7834151e-003
 -8.0928225e-003
 -3.8281802e-003
 -8.3911629e-003
  1.5957132e-002
  2.6942924e-002
  2.7687859e-002
 -4.2778757e-003
 -1.3906915e-002
 -5.3388232e-003
  1.6161740e-002
  5.1052752e-003
  4.7246162e-002
  2.1487543e-002
 -7.5600263e-003
  5.7331468e-003
 -5.6686784e-003
 -1.9495319e-002
  1.7096149e-002
 -1.8005636e-002
  2.7056731e-002
 -1.1292076e-002
 -2.2527798e-002
 -2.6363215e-002
 -2.0731126e-002
  2.1321317e-002
  2.2433113e-003
 -1.3690236e-002
 -3.0368329e-002
 -4.5004063e-003
  2.3459366e-002
  1.3482901e-002
  1.5255520e-002
 -5.1979422e-003
 -1.3822318e-002
  3.4954093e-003
 -7.3238147e-004
  1.1600631e-003
  1.1238605e-003
  1.5332534e-002
  1.8349715e-002
  6.1568739e-003
 -8.6677669e-003
  3.1078996e-003
  1.5225139e-002
  4.5994064e-003
  4.5725177e-003
 -1.7681052e-002
  1.6792810e-002
  1.6678705e-002
  1.6415252e-002
 -4.0275371e-003
 -2.2064429e-002
  6.8206825e-003
 -3.5349369e-002
  1.1378972e-002
 -4.3253929e-003
 -2.0463590e-002
  1.2086892e-002
  4.0970683e-003
 -2.3243875e-002
 -1.0718698e-002
 -3.6155104e-002
 -3.1266975e-002
 -2.3034460e-002
  2.4574519e-002
 -9.0835343e-003
 -1.4736226e-002
 -9.9574782e-003
 -2.4769401e-002
  8.6235611e-003
 -5.9947786e-004
 -2.8341222e-002
  4.2482310e-002
 -1.5250304e-002
 -2.1226320e-002
  1.5484297e-002
 -2.0912216e-002
 -1.1852143e-002
  4.5826545e-002
 -2.0609570e-002
 -4.0070671e-002
 -3.2448934e-002
  5.8230911e-002
  8.7369001e-003
  3.5425291e-003
  1.0712407e-002
 -1.6420747e-002
  7.2244794e-004
  1.5020435e-002
  1.4744625e-002
  2.0870393e-002
  9.7927454e-003
  1.7067724e-003
  1.3873246e-002
 -4.1640599e-003
 -2.8673191e-002
 -3.8525472e-002
 -2.3492686e-002
 -2.0686129e-002
 -1.8507663e-002
  4.1216617e-002
  7.0730054e-003
 -3.1232201e-002
 -1.5909503e-002
 -3.5918916e-002
  1.6040893e-002
 -1.8276656e-002
  2.3524672e-002
  2.1928768e-002
  1.6840191e-002
 -1.2646456e-002
  1.1709412e-002
 -4.5083551e-002
  2.7514901e-002
 -2.0533693e-002
  5.7829718e-002
  1.9470024e-002
 -5.1647930e-003
  3.3369327e-002
 -2.0981276e-003
 -1.3871213e-002
 -3.1394332e-002
 -1.8806877e-002
 -2.3768567e-002
  1.4482058e-002
  2.2519304e-002
 -5.4035124e-002
  2.4815953e-003
  1.9123976e-002
 -5.9947786e-004
 -5.9947786e-004
  2.0294466e-002
  4.8136041e-003
  2.1144271e-003
 -5.9947786e-004
 -1.2277421e-002
  1.6557130e-002
 -1.0078222e-002
  1.8377253e-002
 -3.8157862e-003
 -4.1893648e-003
 -2.8147806e-002
  1.6101212e-002
  1.4851035e-002
  1.7816061e-002
 -1.5765917e-002
  3.5121766e-002
 -5.6470069e-004
  1.7664297e-002
 -5.3118584e-004
  6.9182036e-003
  4.1337787e-003
  4.5813580e-003
 -1.6530006e-002
 -4.4594973e-003
 -1.0643591e-002
  1.8744810e-002
 -9.7285395e-003
 -4.5081436e-003
 -8.3936958e-003
  4.5460053e-003
 -2.3842157e-002
  5.5161043e-003
 -2.4679082e-002
  6.5892657e-003
  1.2163416e-003
 -8.4919532e-003
  2.8933913e-002
 -2.9272746e-002
 -4.1882131e-003
 -2.1965793e-002
 -1.4803527e-002
 -1.4177062e-002
 -6.2159169e-002
  3.0829139e-002
 -1.6897782e-003
 -8.1865303e-003
 -1.2804144e-002
  1.9075352e-002
  1.9574395e-002
  1.8950785e-002
 -4.1257598e-003
 -2.1790788e-003
 -3.4283005e-002
 -3.7232449e-002
 -1.9308373e-002
 -3.2835384e-002
  2.3249163e-002
 -3.5686352e-002
 -5.8126475e-003
  2.2711999e-002
 -4.2264093e-002
 -5.3076751e-002
  3.4346334e-002
  4.9992846e-002
  5.7605981e-002
 -3.0312503e-002
 -3.0847745e-003
 -3.0658571e-002
 -8.7098920e-003
 -4.5227520e-002
  2.5043685e-003
  3.9803835e-002
 -1.1093027e-002
  1.4284196e-002
  2.9103163e-002
  2.8043766e-002
  1.4358581e-002
 -5.9947786e-004
 -5.9947786e-004
 -3.2554188e-002
  5.0448608e-002
  9.9945842e-003
 -1.3388672e-002
 -2.1376562e-002
  4.0373774e-003
  9.7160272e-003
 -3.0405794e-002
 -1.4975839e-002
  2.4294354e-002
 -5.9947786e-004
  1.7188341e-002
 -1.8065429e-002
  1.1952654e-002
 -4.8030965e-004
 -1.4737080e-003
 -9.4241802e-003
  2.2631568e-002
 -5.7855186e-003
 -1.4162503e-002
 -1.5981796e-003
  2.4190613e-002
  1.4146227e-002
  6.2157717e-003
  1.4698636e-002
  2.5146791e-003
 -9.6309233e-003
  8.7690652e-003
 -8.3438775e-003
 -2.9042793e-003
 -2.0658607e-002
 -2.2725051e-002
 -5.6002157e-004
 -1.5706106e-002
  5.6696345e-003
  1.1939995e-002
 -2.5668980e-003
  7.9893155e-003
 -1.9671731e-003
 -1.4776851e-002
 -3.6783518e-002
  1.6597603e-003
 -1.5605650e-002
 -2.8559742e-002
 -2.4965549e-002
  9.6180593e-003
 -2.7947771e-002
 -1.8056698e-003
 -5.6634605e-003
  7.2321166e-003
 -1.0589929e-002
 -1.6392146e-002
  2.6074788e-002
  1.3376248e-002
  8.4072287e-003
 -1.8189371e-003
 -1.6367895e-002
 -3.2902435e-002
 -4.2431737e-002
 -2.1022112e-002
 -9.9864638e-003
 -8.9850644e-003
  3.0274246e-002
  2.6611340e-003
 -2.9004272e-002
  8.0802383e-003
 -2.1419174e-002
  2.1245034e-002
 -1.3510484e-002
  5.3612777e-003
 -4.6993203e-002
  8.8734417e-003
  3.0903930e-002
  1.8670449e-002
  1.1485698e-002
  2.1082871e-002
 -1.1616178e-003
  2.5818114e-003
 -1.6797977e-002
 -4.4044765e-003
 -3.9407698e-003
 -5.6799287e-002
 -2.7199381e-002
 -1.2565031e-002
  1.0430718e-002
  4.2755448e-003
 -1.7240880e-002
 -4.8106930e-002
 -2.8285036e-002
 -1.9047018e-003
  5.6275448e-003
  1.1014533e-002
  4.0409047e-004
  4.6690271e-002
  5.3887226e-003
 -9.6219358e-003
 -7.2322917e-003
 -3.8779569e-002
  6.9548546e-003
 -1.7508835e-002
  4.2363402e-002
 -4.7961936e-002
 -2.8631464e-002
 -3.8395708e-002
 -1.7464927e-002
 -5.3814251e-002
  3.0672972e-004
 -1.1593961e-002
 -7.9655995e-002
  1.8126742e-002
 -7.2921967e-003
 -4.6766477e-002
 -9.0365025e-002
  3.7982424e-003
  7.2904241e-002
 -9.0113338e-003
  2.7047976e-002
  2.0625104e-002
  5.8578800e-003
 -1.3054712e-002
  1.1997209e-002
  3.0249328e-002
  5.3197024e-002
 -4.1722057e-002
  2.0703579e-002
  1.3615964e-002
  4.2188824e-002
  3.7122299e-002
 -1.0841061e-002
 -1.6130314e-002
  2.3422948e-002
  1.5932794e-002
 -1.0510007e-002
 -1.4860400e-002
  1.1499151e-002
  3.5538362e-002
  3.7911666e-002
 -2.6375266e-002
  3.6164822e-002
 -3.6162027e-002
 -4.5337241e-002
  2.6133297e-002
  1.6318273e-002
 -1.0495991e-002
  4.2629701e-002
 -7.2669100e-003
  3.8110800e-002
  2.6802395e-002
 -1.5212090e-002
 -4.0184548e-002
  2.6839694e-002
  4.0612622e-002
  4.6614634e-002
  2.5596128e-002
  1.3918972e-002
 -2.2120019e-002
 -5.6657115e-003
  8.8847422e-003
  6.0387184e-003
  2.2523706e-003
 -3.3085406e-003
 -4.1348104e-002
 -1.0763483e-002
  1.2188357e-002
 -3.5230184e-004
  1.0265118e-002
  7.7530737e-002
  5.2169824e-003
 -2.5268488e-002
 -1.8593686e-002
  1.8868231e-002
 -1.8660651e-002
 -2.9402381e-002
 -1.4731072e-002
  5.4165067e-002
 -1.0136430e-002
 -1.2496263e-002
 -1.3310001e-002
  3.0577146e-002
 -5.9947786e-004
 -5.9947786e-004
 -5.9947786e-004
  2.8417248e-002
 -1.3214996e-003
 -5.9947786e-004
 -5.9947786e-004
  2.8254917e-003
  4.0474419e-002
  3.8809708e-003
 -1.9299721e-002
  7.9913780e-003
  1.4483764e-002
 -2.1736614e-002
 -1.2022650e-002
 -3.8744370e-002
 -8.7494731e-004
 -4.1989868e-002
  4.1341775e-002
 -8.7093739e-003
 -1.7866228e-002
 -1.6685616e-002
  2.3550464e-002
  4.1520101e-003
  3.5280642e-003
  4.7547930e-003
 -1.5720360e-002
  5.9221831e-003
 -2.7376213e-003
  5.0149953e-003
 -2.9420999e-002
 -1.2673216e-002
 -3.3477675e-002
  1.4822705e-002
 -1.0111390e-002
  2.7332025e-002
 -1.8970019e-002
  1.0860987e-002
  1.0731132e-002
 -2.7322148e-002
  1.0857196e-002
 -2.1903573e-002
 -1.1700702e-002
  2.3201114e-002
 -3.8732695e-002
  3.3302074e-002
  1.4376577e-002
  2.1119615e-002
  1.0132725e-002
  2.0663565e-002
  3.5212288e-002
  1.3995459e-002
  3.3759757e-003
  8.8603453e-003
  2.2032685e-002
 -6.5706562e-003
 -2.0721572e-002
 -1.2063045e-002
  8.3472726e-003
  2.4245721e-002
  4.1782409e-003
  1.2126131e-003
 -2.7482817e-002
 -1.0753490e-003
  9.9461918e-003
 -1.6786299e-002
  3.9159866e-003
 -1.5529734e-003
  1.4633830e-002
 -5.9947786e-004
 -5.9947786e-004
 -2.0744665e-002
 -1.0012239e-002
 -1.5623359e-002
 -2.8346151e-003
 -1.7114608e-002
  1.0825319e-003
  1.5396538e-002
 -3.1836412e-002
 -4.4347066e-003
  1.8749161e-002
  2.7209322e-002
 -1.1121451e-002
 -1.3943493e-002
 -8.3183683e-003
 -4.1584817e-002
 -5.5504544e-003
 -2.3190045e-003
  1.3875989e-002
 -5.9381153e-003
 -1.2656716e-002
  2.1497201e-002
 -5.9947786e-004
 -4.6879255e-003
 -2.0575411e-002
 -1.1127416e-002
  1.4481875e-002
  4.0805772e-002
 -1.4459714e-002
 -1.5504141e-002
  2.5868681e-002
  2.5365396e-002
  4.4957329e-003
 -6.0532241e-003
  7.3921713e-003
 -8.7704429e-003
 -2.3494951e-003
 -1.6991061e-002
 -1.2817718e-002
  3.2750657e-003
  1.2253758e-002
 -7.9435638e-003
 -1.3872785e-002
 -2.8211119e-002
  3.8262557e-003
 -1.1580729e-002
 -2.6274330e-002
  9.7548063e-004
  8.6523687e-003
 -1.2461199e-002
 -3.4633945e-003
  4.0379256e-003
 -3.0880596e-002
 -6.9102525e-003
 -3.9270998e-002
  4.5143524e-002
 -1.1199924e-002
 -3.0554916e-002
 -1.4313614e-002
  4.8448911e-003
 -2.6427889e-002
  1.7373182e-002
 -3.5039534e-002
  4.3026224e-002
  2.6047785e-002
 -2.8277467e-003
 -4.2067995e-002
 -2.3960041e-002
  3.3036346e-002
  6.5763806e-002
 -6.4766767e-003
 -3.3946999e-002
 -4.6866523e-002
  2.1789827e-003
 -3.1597407e-003
 -4.3106922e-002
  1.5210235e-002
  3.9265249e-002
 -2.8628977e-003
 -5.1906970e-002
 -5.7985087e-002
 -4.0792635e-002
  7.2588637e-003
 -4.6294480e-002
  2.6978747e-002
  7.9014923e-002
 -5.4599682e-003
 -4.3784599e-002
 -4.5028952e-002
 -3.5615280e-002
 -6.9549689e-002
  6.7421242e-002
 -1.6804466e-002
  6.2638664e-002
  1.2307989e-002
 -3.5353485e-002
  2.3019887e-002
 -2.1179229e-002
  2.5531637e-002
  7.6078169e-003
  3.6935158e-002
 -3.1852021e-002
  4.3609631e-002
 -1.3709684e-003
 -2.1657940e-002
 -2.7826677e-002
  3.0923338e-002
 -4.9975421e-002
 -1.5166564e-002
  1.2634740e-002
 -3.6090097e-002
 -6.4173298e-002
 -3.5491253e-003
 -9.0753020e-003
  3.9512945e-002
 -1.6742710e-002
  2.2402632e-002
  2.7033596e-002
 -5.6859871e-002
 -2.3778507e-002
  2.8869535e-003
 -1.3754740e-002
 -6.4567213e-002
 -4.2432161e-002
  1.7004656e-002
 -2.6558416e-002
  6.9042880e-004
  1.9184192e-002
  1.7870291e-002
 -2.9071712e-002
 -7.0139582e-002
  3.3866403e-002
  1.8956846e-002
 -3.1707977e-002
 -3.5905769e-002
 -1.6573282e-002
 -1.7458795e-002
 -4.5446098e-003
  5.8867134e-002
  6.9594737e-002
 -1.8595027e-002
  9.0127736e-002
 -2.2108873e-002
  5.9839898e-002
 -1.5880389e-003
  1.4196907e-002
 -3.2280815e-002
 -4.3540279e-002
  3.2739401e-002
  1.1298986e-002
  3.7793763e-002
 -5.6346734e-002
  4.4327864e-002
  4.2061828e-002
  2.8692735e-003
  5.2061330e-002
 -1.7996762e-002
 -3.5130766e-002
 -4.9276526e-002
 -2.0996106e-002
 -2.0402105e-002
  3.4276145e-002
 -1.7170921e-002
  4.9604249e-002
  1.6235937e-002
 -7.6358614e-003
 -5.9939616e-003
  4.8622531e-003
  3.8954818e-002
  5.3937735e-003
 -1.1647172e-002
 -2.8130194e-002
  4.4702616e-002
 -5.9748028e-003
 -9.5583209e-003
  2.9563816e-002
 -3.3355798e-002
  4.7090087e-003
 -4.9828788e-002
 -1.6852543e-003
 -4.4104205e-002
  2.8681815e-002
 -7.4410097e-003
 -2.9228125e-002
 -1.3960786e-002
  3.2055033e-002
 -1.8894178e-002
 -4.2378351e-002
 -1.8977522e-002
  1.4651935e-002
 -5.9822660e-003
 -5.9947786e-004
 -5.9947786e-004
 -5.9947786e-004
 -5.4895778e-002
  2.1319208e-002
 -5.9947786e-004
 -5.9947786e-004
  7.4122210e-002
 -1.7702583e-002
  3.4448993e-002
 -1.2598628e-002
 -5.9591505e-002
  1.1300941e-002
 -1.1986391e-003
  1.3165108e-002
  8.5215857e-003
 -1.7360678e-002
 -2.0832578e-002
 -5.5494402e-002
 -1.7238857e-003
  2.8500462e-003
 -3.0265597e-002
  2.5215237e-002
 -6.3558199e-002
 -3.4117305e-002
  5.5788295e-003
  2.6911260e-002
 -3.2566602e-003
  2.0294776e-002
 -8.2778685e-003
 -4.6708165e-002
  3.8283437e-002
 -3.5852304e-002
 -3.1291047e-002
  3.3115736e-003
  1.3193844e-002
 -3.1236845e-002
 -3.6506568e-003
  5.0397449e-002
  1.3034713e-002
  2.4347168e-002
 -4.6510884e-002
 -1.5783764e-002
  3.1374197e-002
 -3.4735511e-002
 -3.6876930e-002
 -1.3021998e-002
  3.9404000e-002
  9.9893355e-003
  1.4411526e-002
 -2.5562613e-002
 -4.7908280e-003
 -2.3784371e-002
 -8.0093509e-003
 -2.6926828e-002
 -2.8532886e-002
 -4.6045672e-002
  7.5193602e-002
  2.0108357e-002
  3.2744684e-002
  6.8058390e-002
  1.8408486e-002
  2.3251116e-003
  4.3950228e-002
 -6.3931056e-002
  3.3993327e-002
 -9.6746990e-003
 -2.3414218e-003
 -3.4286341e-002
 -3.2619662e-002
  4.3532164e-003
  5.9656618e-002
 -8.4380770e-003
  2.8117736e-002
  6.2524637e-002
 -1.7776869e-002
 -2.6333733e-002
 -8.6837257e-003
  1.3921282e-002
  2.5280548e-002
  1.4947456e-002
 -7.5389193e-003
  2.0076029e-002
 -5.9947786e-004
 -5.9947786e-004
  1.1988674e-002
 -7.7306922e-003
 -1.5545867e-002
 -1.3547107e-002
  3.6939248e-002
 -1.6525988e-002
  9.0314152e-003
 -5.9947786e-004
  1.4787534e-003
  2.4358752e-003
  1.0427613e-002
 -1.8599374e-002
 -2.6005088e-002
  1.9955920e-002
 -1.8943076e-002
 -1.7269731e-002
 -1.4519598e-003
  1.5093152e-002
 -9.2615227e-003
 -4.8943210e-002
 -1.6891790e-002
 -4.7143713e-003
 -3.3246127e-003
 -8.4029377e-003
 -7.6617231e-004
  1.3553459e-002
  1.1327794e-002
 -7.1173435e-003
  3.1256498e-002
  2.0397846e-002
 -8.3046956e-003
  1.9817286e-002
 -2.7452370e-003
  3.8517958e-002
 -2.2075212e-002
  1.4214499e-002
  1.1813344e-003
  3.3219507e-003
 -1.6378311e-002
  2.7727676e-002
  9.7024124e-003
  1.1809676e-002
 -1.7421095e-002
 -3.0953874e-004
 -6.6330076e-003
  1.8037567e-003
  2.7299566e-004
  1.2181864e-002
 -8.0896101e-003
 -3.5678058e-003
 -3.3546409e-002
  3.5893941e-002
  7.4598591e-003
  7.1109908e-003
  3.8043913e-002
  1.2587228e-002
 -1.6526850e-002
 -1.9298084e-002
  1.7756016e-002
  1.2559952e-002
  2.9841495e-003
  1.2212179e-003
 -1.6626986e-002
  1.0497753e-002
 -2.1189145e-002
  1.2582999e-002
 -3.3999305e-003
  2.9516990e-002
 -2.0606896e-003
  8.8604544e-003
 -2.3787791e-003
  4.5530502e-004
  2.0459422e-002
 -1.1106092e-002
 -5.5668083e-003
  9.1159834e-003
 -1.3333512e-002
 -1.6297763e-002
  2.2670952e-003
  5.9804740e-004
  8.4024363e-003
  2.2716460e-002
  1.9601942e-002
 -4.2652638e-003
  2.1196337e-002
  1.4892318e-002
  6.1981145e-004
  2.5974167e-002
  4.1356597e-003
 -1.8593290e-002
 -2.0087118e-002
  4.9027675e-003
  1.5307955e-002
  2.0971530e-003
  2.1711120e-002
 -3.5886663e-003
  1.6395460e-002
  4.5809862e-003
 -2.2188060e-002
  1.0659209e-002
 -2.1940500e-002
 -2.8724642e-002
  1.2239068e-002
 -2.0287785e-002
  1.4848780e-003
  1.7485734e-002
  4.3799847e-003
  2.0481360e-002
 -1.0788323e-002
 -4.7376043e-002
 -1.4717653e-002
 -3.2886124e-002
 -1.7697530e-003
  8.0154020e-003
  1.9126817e-003
 -2.1860966e-002
  2.5859494e-002
 -1.5493850e-002
  4.3931364e-002
 -6.6161089e-004
 -1.0967443e-002
  3.5356073e-003
  2.7208350e-002
 -7.4333564e-003
  1.7120508e-002
 -2.1043690e-003
  6.9024328e-003
  2.3724225e-004
 -1.6436027e-002
  7.9220133e-003
  3.5442989e-003
 -2.7076614e-002
 -5.0400920e-003
 -1.4228839e-002
  1.6916498e-002
  1.9998447e-002
  7.5103795e-003
  7.4451384e-003
  7.6752901e-003
  3.0576995e-002
  7.1192296e-004
 -8.2641038e-003
  1.2406980e-002
  2.7509998e-002
 -1.1291804e-002
  2.9033474e-003
 -1.2657374e-003
  1.7017273e-002
  8.1479632e-003
 -4.1227651e-002
 -1.1133641e-002
 -8.7170552e-003
 -4.2797580e-003
  2.7937677e-003
  3.0991316e-002
  3.2870408e-003
 -1.3145994e-002
  1.1337299e-002
 -4.4883716e-003
  2.5985270e-002
 -6.7978448e-003
  2.6836347e-002
 -9.6078275e-003
 -1.2286699e-002
 -1.2534550e-002
  8.4059043e-003
 -2.5573835e-003
  1.0714146e-002
 -4.1583924e-003
  7.3635471e-003
 -5.7574519e-003
 -1.8151892e-002
  3.8312380e-003
  1.0419170e-002
 -1.1672706e-002
  3.8251895e-004
 -5.9947786e-004
 -5.9947786e-004
 -5.9947786e-004
  1.2187173e-002
 -1.4612219e-003
 -5.9947786e-004
 -5.9947786e-004
  1.0332521e-002
  1.4237365e-003
 -2.7292907e-003
 -1.2926449e-003
  3.0799122e-002
 -3.1873371e-003
 -4.3378000e-003
  4.8475825e-003
  1.2864240e-002
 -1.3143472e-003
  3.1733420e-003
 -1.9234418e-003
 -6.9892760e-003
 -6.3080485e-003
  2.0788652e-003
 -1.9185830e-002
 -8.7022266e-003
  6.4022090e-003
  7.2908309e-003
 -1.4277144e-002
 -8.1203014e-003
 -1.2908385e-003
 -3.8499536e-003
 -1.4194894e-002
 -6.5142467e-003
  4.9906157e-003
  1.3800857e-002
  1.0804969e-002
  1.3384567e-002
 -2.7341727e-003
 -1.6995011e-002
  4.6848295e-003
  5.5933186e-004
 -8.1558561e-003
  3.6877174e-003
 -2.6223389e-002
 -9.2523576e-003
 -2.6231261e-002
  9.1659523e-003
  5.4351425e-003
 -7.5229872e-003
  1.3254752e-002
  2.1572456e-002
 -1.2301825e-002
  7.0199154e-003
 -2.7551157e-003
  3.7113424e-004
 -1.1764300e-002
 -1.4816036e-002
 -3.2788748e-002
  4.2983052e-003
 -3.1172315e-002
  2.8505153e-003
  2.4362187e-002
 -1.8754636e-002
 -9.2756903e-003
 -2.4270623e-002
 -6.6058627e-003
 -2.4084509e-003
  2.6373668e-002
  3.4459063e-003
  1.6111094e-002
  3.7823609e-004
 -1.2744674e-002
  1.7449160e-002
  2.2783492e-002
  1.1276355e-002
 -1.3480673e-002
 -3.3414286e-003
  5.0998168e-003
 -5.9947786e-004
 -5.9947786e-004
  1.5483993e-002
 -1.6961570e-002
 -5.9080875e-003
  7.9919278e-003
 -2.6623709e-004
  1.1707860e-002
 -1.2579141e-003
  1.4922441e-002
  1.6280595e-002
 -3.5263352e-003
 -2.2649264e-004
 -3.3966599e-002
 -1.4968259e-002
 -6.8212966e-003
  1.3248529e-002
 -3.2648134e-003
  2.2322056e-003
 -3.5752185e-002
 -2.7841401e-003
 -2.8969347e-002
  1.0119117e-002
 -2.0538017e-002
  1.0158747e-002
 -1.3810810e-002
 -1.9161636e-002
  1.7782948e-002
  2.8453109e-002
 -1.2366730e-002
 -2.4857148e-003
  1.2297119e-002
 -1.6450461e-002
  1.6415718e-002
  1.0335916e-002
 -1.1244031e-002
  5.6043397e-003
 -1.4334199e-002
  6.8732640e-003
  2.1447567e-004
  8.7136769e-003
  1.8618175e-002
  1.0371375e-003
 -1.1029229e-002
  9.3780146e-004
  8.2182486e-004
 -2.1205746e-002
  5.5291260e-003
 -1.9838006e-003
 -7.8987803e-003
 -1.5301975e-003
 -6.2020604e-003
 -2.3209343e-002
  1.2956827e-002
  2.5858942e-002
 -8.8709039e-004
  1.4417791e-002
  2.3733968e-005
  1.2112967e-003
 -8.3749931e-003
 -1.4657144e-002
 -1.4666051e-003
 -1.3638838e-002
 -3.0655774e-004
  1.2147143e-003
 -5.5229976e-003
 -7.9121247e-003
  8.4156968e-003
 -1.3623215e-003
 -1.8426951e-002
 -1.2570383e-003
 -1.0394346e-002
  6.3809332e-003
  1.6523414e-002
 -2.0725194e-002
 -2.9479569e-003
 -1.7133804e-002
  1.3882946e-002
  2.4165698e-003
  3.8556370e-002
  9.4276908e-003
 -8.6015930e-003
  2.9201288e-003
 -2.0435512e-002
 -4.0718057e-003
 -2.8699611e-002
 -1.0164848e-002
  6.5983085e-003
 -1.1354241e-002
 -1.5266944e-002
 -1.1569655e-002
  1.8009777e-002
 -3.4495417e-003
  4.7840319e-003
  1.6197315e-003
  1.6148175e-003
  1.8086966e-002
 -2.8331713e-003
  1.7548138e-003
  8.1053647e-003
  6.3696065e-003
  3.4979542e-004
 -1.5897057e-002
  1.5705718e-002
  7.4251109e-003
  7.4195297e-003
  7.3557364e-003
  2.2881938e-003
  3.8043403e-004
 -9.9767172e-003
  1.1022173e-002
  2.0108965e-002
 -9.9369970e-004
 -9.6528979e-003
  1.0475479e-003
  4.5512340e-003
  1.3417719e-004
  1.8796760e-003
 -1.2088978e-002
 -1.3720995e-002
  4.3816563e-004
 -8.9309308e-003
 -1.0643779e-003
  1.0671341e-002
 -1.0766511e-002
  2.2189443e-002
  1.1416575e-002
  7.6098777e-003
 -4.3263972e-004
  1.2339069e-003
 -1.1482193e-002
 -5.9947786e-004
 -2.4679237e-002
  1.6397790e-003
 -1.2078276e-002
 -2.9227640e-003
 -1.4721036e-003
  1.4533948e-002
 -1.9523106e-002
  4.8190107e-003
 -1.9282029e-004
 -2.5653717e-002
  2.0769445e-003
  1.4257534e-002
  8.7202541e-003
 -1.0738834e-002
  1.3878782e-002
  6.7623774e-003
 -2.4922772e-003
 -2.5533892e-003
  8.2772520e-003
  2.5314842e-003
 -4.9284889e-003
  2.6490361e-003
  2.8086481e-003
  3.5879434e-003
 -2.4646755e-003
 -7.8672818e-003
  1.5399054e-002
 -2.1710110e-003
 -9.3439978e-003
 -3.9482337e-003
 -2.7052810e-003
 -2.5384577e-003
  6.0004551e-003
 -4.0647013e-003
  1.1630379e-003
 -8.2405027e-003
  1.7776720e-002
  9.0759423e-003
  7.9099485e-004
 -4.4976841e-003
  2.3534173e-003
 -2.1012390e-004
 -1.2177760e-002
  5.2903162e-003
  8.3646979e-003
  6.0300144e-003
 -6.3424944e-003
  6.7345587e-004
 -1.2842257e-002
  4.0370134e-003
  3.3496888e-003
  5.3779586e-003
 -3.2360818e-004
 -5.9947786e-004
 -3.8595995e-003
  6.2400414e-003
 -5.1723626e-003
  1.1660398e-003
 -5.9947786e-004
  9.4922000e-003
 -2.5659394e-003
 -1.3255089e-002
  6.7932514e-003
  1.9806021e-003
 -1.4221846e-003
 -1.1023995e-002
 -9.5102073e-003
 -6.2092760e-003
  1.9849384e-003
  8.1156611e-003
  2.6214945e-003
 -3.2643695e-003
 -6.0624492e-003
 -5.5305648e-003
  3.5501535e-004
  9.7291738e-003
 -4.7181457e-003
  1.8513958e-002
 -2.5361857e-002
 -8.7995917e-004
  1.0392403e-002
 -8.3426021e-003
 -1.4281739e-002
  1.0338836e-002
  9.1104199e-003
 -4.3829353e-003
  9.6015037e-004
  2.7898850e-003
  1.0817242e-002
 -3.3452237e-003
 -1.3696396e-003
 -8.7221914e-003
 -4.8807109e-003
 -1.0453342e-003
  2.4062018e-003
 -1.1608558e-002
 -4.8228138e-003
 -3.8777987e-003
  8.9230621e-003
 -6.8436969e-003
  9.1156063e-003
  1.2503086e-002
  1.7694735e-003
  1.3389057e-002
  1.0568341e-004
 -5.9821196e-003
 -3.2743710e-003
  4.1449073e-003
  7.8517345e-003
 -2.4353315e-003
 -7.0757428e-004
 -1.7332393e-002
  1.8708113e-003
  3.4435875e-006
 -3.5078126e-003
  5.4818996e-003
 -2.5677672e-003
  5.2938056e-003
 -5.9947786e-004
 -5.9947786e-004
 -6.9306856e-003
  4.6429981e-003
 -5.9514649e-003
  3.6625908e-003
 -7.4385142e-003
  5.6941535e-003
  3.2753369e-004
  2.1764118e-003
  5.8477881e-003
  4.8365385e-005
 -5.9025206e-003
  6.8061615e-003
 -1.2998523e-003
 -2.4764070e-002
 -3.1095115e-002
 -9.4106625e-004
 -1.0039177e-002
 -2.6133455e-003
  8.4026184e-003
  1.1684658e-003
 -6.8870093e-003
 -1.6551729e-002
 -5.6811161e-003
  2.6160530e-003
  3.2455604e-003
  6.4115889e-003
  9.3162861e-005
  5.5554497e-003
  1.4628510e-003
 -7.0296298e-003
 -9.5671101e-003
  5.0411474e-004
  9.9105224e-003
  3.0702510e-003
 -6.7423912e-003
 -2.0401927e-003
  2.0288116e-002
  1.0241802e-002
  7.4048103e-004
  3.3540869e-003
 -3.2705980e-003
 -3.4453825e-003
  2.7478056e-003
  1.4035273e-003
  6.3796133e-003
 -4.8909040e-004
  1.8803749e-002
  7.0576100e-003
 -7.0664114e-003
  8.5497168e-003
  1.8713516e-002
 -3.9155322e-003
 -5.4675610e-004
  3.6092826e-003
  4.7411286e-003
 -5.1004537e-003
 -1.5661993e-002
  6.5636865e-003
  2.0933087e-003
 -4.6149110e-003
  4.7859628e-003
  1.6621931e-003
  1.0217087e-002
 -2.2297773e-002
 -1.4989755e-002
  2.2522095e-003
  4.4917735e-003
 -6.3356825e-003
  7.5926810e-003
  3.7105296e-003
 -1.5598228e-005
  7.2625480e-004
 -2.0834631e-002
  2.0747934e-002
  1.2599778e-002
 -6.2574980e-003
  6.2071875e-003
  8.4907855e-003
  7.7937642e-003
 -2.1903231e-003
  9.3655994e-003
  2.4468283e-003
  1.3545172e-002
 -1.1494366e-003
  3.1940777e-003
 -6.2952215e-003
  1.9026503e-003
 -1.5960763e-002
 -8.1905172e-003
  4.3488807e-003
  6.1963694e-003
 -9.4839125e-003
 -1.4205130e-002
 -8.6441560e-003
  6.0485159e-003
  1.2769705e-002
  2.7659835e-003
 -7.5467882e-003
 -4.8632195e-003
 -7.1589105e-003
 -1.3586335e-002
 -7.5697884e-004
 -5.9165392e-003
  1.5579309e-002
  2.8742781e-003
 -2.6200469e-003
 -3.1439424e-003
 -1.6584724e-002
 -1.5717407e-002
  4.7498448e-003
 -4.1268184e-003
  6.4959666e-003
  2.2670704e-003
 -5.4647105e-004
  1.4237433e-002
  1.1495455e-002
  2.2343340e-003
 -9.0823101e-004
  9.3355657e-003
  1.1824639e-003
 -1.8563418e-002
 -1.5839594e-003
 -3.3507969e-003
  1.5540301e-002
 -4.6485852e-003
  1.0737586e-002
 -2.0187839e-002
 -1.2214494e-002
 -2.8519364e-004
  2.6371932e-002
 -1.0023846e-002
  1.4721014e-002
 -6.3426768e-003
  7.3205514e-003
  6.2543513e-003
  1.1332468e-002
 -1.8374386e-002
 -1.0142213e-002
 -2.9483351e-003
 -3.3126281e-003
 -8.6998988e-005
 -1.0174841e-002
 -2.4115884e-003
  5.8058336e-003
 -1.1145170e-003
 -6.0234651e-003
 -2.0848698e-002
 -3.7759324e-003
 -8.6384915e-003
  1.0034395e-002
 -1.1661067e-002
  2.9770066e-003
 -1.6551692e-002
  5.1231529e-003
  1.8225235e-002
 -2.2974327e-004
  5.3502567e-003
  1.3409974e-003
 -1.1822231e-002
  6.6859519e-003
 -1.1256275e-003
  5.0160083e-003
  1.6483602e-003
  1.9099735e-002
  2.6208076e-003
  4.7447262e-003
  1.6315341e-003
  6.0135350e-003
  1.0160040e-002
  6.3449945e-003
 -4.0160839e-003
 -6.4907980e-004
 -4.8246612e-003
 -4.9985642e-004
 -3.2927463e-003
  1.7948965e-003
 -4.8434366e-003
  1.2622048e-002
  5.7500623e-003
 -7.0477786e-003
  7.7115685e-003
  5.2629011e-004
  4.7185158e-003
  7.9763638e-003
  6.8026227e-003
  1.1159483e-002
  1.8585711e-003
 -2.2059798e-003
  1.4512505e-002
  3.4446880e-003
 -8.9309261e-005
  3.6110547e-003
 -9.1314781e-003
  7.1934923e-003
 -5.9947786e-004
  7.3166165e-003
  9.1216898e-004
  9.7826563e-003
 -1.7088011e-002
  7.4732199e-003
  1.3629626e-003
  2.2787867e-002
 -7.3476544e-003
  4.3655313e-003
 -4.8472877e-003
 -1.6270311e-002
  3.1712828e-003
 -3.8696811e-003
 -1.4249378e-002
 -1.2915034e-003
 -1.2250996e-002
 -7.9571041e-003
 -2.5298441e-003
 -9.4989449e-003
  3.4340294e-003
 -3.2075359e-003
  1.3310264e-002
  4.0544622e-002
  6.6094548e-003
 -8.2129322e-003
 -3.8415556e-003
  5.2466511e-003
 -1.5097395e-002
  5.8266286e-004
  5.9225798e-003
  1.6552129e-003
 -5.7023361e-003
  1.9302569e-002
 -1.4678237e-002
  1.2902158e-002
 -3.3307168e-004
  5.1552968e-003
  5.6050260e-003
  1.4598908e-004
 -6.4024572e-003
 -6.2146136e-003
  1.7894757e-002
  5.1727318e-003
 -3.5899237e-003
  1.1480569e-002
 -2.2537408e-002
  7.3467742e-003
 -1.5760578e-002
 -1.3620437e-002
 -2.8385187e-003
 -3.8775068e-003
 -1.2317213e-002
  2.2211094e-002
  4.9453719e-003
  1.5657425e-003
  5.9997542e-003
  3.1208459e-003
  7.5390909e-004
 -9.1433553e-003
  5.3670222e-003
 -2.6135772e-003
  7.9542969e-003
  2.8709403e-003
  3.9372449e-003
 -1.3179897e-002
 -7.7411222e-004
  1.2762452e-003
  1.5739766e-002
 -3.3901973e-003
  1.3870331e-002
 -1.1721357e-002
  1.7545218e-003
  1.8769335e-003
 -1.5680646e-002
  5.5291559e-003
 -1.8880094e-002
 -2.3099671e-003
  8.0421584e-004
 -5.9947786e-004
 -5.9947786e-004
 -7.7260257e-003
  2.6189588e-002
  6.9367400e-003
  7.0920506e-003
  1.8105184e-003
 -6.8690909e-003
  1.8884800e-002
 -1.8852150e-002
 -2.5916198e-002
 -5.9947786e-004
 -5.6181447e-003
 -1.6964001e-002
  3.8378741e-003
  1.1196434e-002
 -1.1244896e-002
  7.2637198e-004
 -6.0466692e-003
 -1.4461263e-002
 -1.4290870e-002
 -1.3231998e-002
 -1.3730657e-004
 -4.2014631e-002
  8.8910789e-003
  4.8716459e-003
 -2.1550936e-002
  2.2105909e-002
 -2.5584593e-002
  2.2109676e-002
  1.7045133e-002
 -6.2588555e-003
 -2.5628686e-002
  6.5408424e-003
 -4.8104134e-003
 -7.8183359e-003
 -1.6519582e-002
 -1.9424029e-002
  7.8162778e-003
 -2.7181954e-002
  1.1397325e-002
 -2.0418207e-002
 -2.1971803e-002
  5.8811553e-003
  2.7244310e-002
 -3.9997197e-003
  4.1167624e-002
  1.2719523e-002
  1.2270945e-003
 -3.4850664e-003
 -3.2519353e-003
 -1.2990006e-002
 -8.8473522e-003
 -7.4738133e-004
  2.3753956e-002
  1.4870655e-002
  4.9286611e-003
  1.8946998e-003
 -1.8908579e-002
  7.8852482e-003
 -3.7371082e-003
  4.4349664e-003
 -2.1858538e-002
  5.7200395e-003
 -2.0022278e-002
 -2.4164998e-002
  7.0489196e-004
 -2.2050979e-003
  2.3610455e-002
  4.5826408e-003
 -1.8508054e-002
  1.7699114e-002
  2.4179966e-003
  2.8932976e-003
 -8.9636581e-003
  2.7643279e-003
 -1.9144024e-003
 -1.4289248e-002
  1.1773636e-002
 -1.1935632e-002
  8.4405758e-003
 -2.4005381e-002
  2.8991263e-003
  1.4798009e-002
 -7.0069127e-003
  1.6724646e-003
  1.2584080e-002
  1.5818873e-002
  7.7947146e-003
  4.4223254e-003
 -1.6869741e-003
 -5.4365907e-003
  6.3170308e-003
 -7.2783270e-003
  3.9999755e-003
 -4.0589510e-003
  6.1189426e-003
 -2.3929463e-003
  3.7370833e-003
 -5.9758349e-003
  1.9036524e-003
