19920101	0.0000
19920102	0.0141
19920103	0.0103
19920106	0.0095
19920107	-0.0022
19920108	-0.0058
19920109	0.0058
19920110	0.0051
19920113	-0.0043
19920114	0.0137
19920115	0.0254
19920116	-0.0133
19920117	-0.0042
19920120	0.0085
19920121	0.0000
19920122	-0.0007
19920123	-0.0042
19920124	0.0049
19920127	0.0181
19920128	-0.0035
19920129	-0.0147
19920130	0.0167
19920131	-0.0021
19920203	-0.0042
19920204	-0.0042
19920205	0.0084
19920206	0.0035
19920207	0.0124
19920210	0.0000
19920211	-0.0151
19920212	0.0028
19920213	-0.0217
19920214	-0.0078
19920217	0.0092
19920218	-0.0007
19920219	-0.0057
19920220	0.0120
19920221	-0.0021
19920224	0.0188
19920225	-0.0139
19920226	0.0077
19920227	0.0007
19920228	-0.0063
19920302	-0.0035
19920303	0.0091
19920304	0.0007
19920305	-0.0098
19920306	-0.0099
19920309	0.0049
19920310	0.0000
19920311	-0.0071
19920312	-0.0028
19920313	0.0071
19920316	-0.0042
19920317	0.0085
19920318	0.0014
19920319	0.0007
19920320	0.0028
19920323	-0.0077
19920324	0.0056
19920325	0.0118
19920326	-0.0014
19920327	-0.0112
19920330	0.0049
19920331	-0.0049
19920401	-0.0070
19920402	0.0042
19920403	-0.0049
19920406	0.0056
19920407	-0.0049
19920408	-0.0121
19920409	0.0029
19920410	0.0071
19920413	-0.0050
19920414	0.0014
19920415	0.0007
19920416	0.0007
19920417	0.0000
19920420	0.0000
19920421	-0.0057
19920422	-0.0029
19920423	-0.0130
19920424	0.0000
19920427	0.0072
19920428	-0.0065
19920429	-0.0316
19920430	0.0060
19920501	0.0000
19920504	0.0067
19920505	0.0059
19920506	0.0102
19920507	0.0065
19920508	-0.0036
19920511	0.0043
19920512	0.0022
19920513	-0.0043
19920514	-0.0073
19920515	-0.0058
19920518	0.0174
19920519	0.0199
19920520	0.0056
19920521	-0.0014
19920522	0.0042
19920525	-0.0014
19920526	-0.0077
19920527	-0.0035
19920528	0.0000
19920529	0.0099
19920601	-0.0113
19920602	0.0042
19920603	-0.0157
19920604	0.0014
19920605	-0.0029
19920608	0.0000
19920609	-0.0014
19920610	0.0050
19920611	-0.0021
19920612	0.0029
19920615	-0.0093
19920616	0.0058
19920617	-0.0043
19920618	0.0000
19920619	-0.0051
19920622	-0.0087
19920623	0.0022
19920624	0.0022
19920625	-0.0044
19920626	-0.0037
19920629	0.0007
19920630	-0.0059
19920701	0.0037
19920702	-0.0111
19920703	0.0089
19920706	-0.0015
19920707	-0.0104
19920708	-0.0060
19920709	0.0104
19920710	-0.0074
19920713	-0.0045
19920714	0.0090
19920715	0.0000
19920716	-0.0030
19920717	-0.0204
19920720	-0.0223
19920721	0.0054
19920722	-0.0133
19920723	-0.0206
19920724	0.0056
19920727	0.0079
19920728	-0.0040
19920729	0.0259
19920730	-0.0031
19920731	-0.0094
19920803	0.0008
19920804	0.0086
19920805	0.0177
19920806	-0.0031
19920807	-0.0054
19920810	-0.0116
19920811	-0.0078
19920812	-0.0094
19920813	0.0024
19920814	0.0055
19920817	-0.0016
19920818	-0.0055
19920819	0.0000
19920820	-0.0048
19920821	0.0134
19920824	-0.0457
19920825	0.0098
19920826	0.0065
19920827	0.0310
19920828	0.0062
19920831	0.0039
19920901	-0.0086
19920902	-0.0008
19920903	0.0186
19920904	-0.0015
19920907	0.0061
19920908	-0.0008
19920909	-0.0084
19920910	0.0046
19920911	0.0000
19920914	0.0479
19920915	-0.0192
19920916	0.0074
19920917	-0.0112
19920918	0.0075
19920921	-0.0218
19920922	-0.0176
19920923	-0.0070
19920924	-0.0078
19920925	-0.0182
19920928	-0.0251
19920929	0.0098
19920930	-0.0057
19921001	0.0081
19921002	0.0040
19921005	-0.0538
19921006	0.0219
19921007	0.0083
19921008	0.0016
19921009	-0.0301
19921012	0.0000
19921013	0.0260
19921014	-0.0201
19921015	-0.0017
19921016	-0.0025
19921019	0.0151
19921020	0.0215
19921021	-0.0041
19921022	0.0098
19921023	0.0272
19921026	0.0126
19921027	0.0170
19921028	-0.0155
19921029	-0.0165
19921030	0.0000
19921102	-0.0208
19921103	-0.0024
19921104	-0.0073
19921105	0.0250
19921106	-0.0040
19921109	0.0040
19921110	-0.0056
19921111	-0.0056
19921112	0.0223
19921113	-0.0024
19921116	0.0055
19921117	-0.0063
19921118	0.0000
19921119	-0.0175
19921120	0.0056
19921123	-0.0292
19921124	-0.0016
19921125	-0.0075
19921126	-0.0008
19921127	0.0075
19921130	0.0074
19921201	0.0106
19921202	-0.0065
19921203	0.0049
19921204	0.0016
19921207	-0.0073
19921208	-0.0033
19921209	0.0049
19921210	-0.0107
19921211	0.0058
19921214	-0.0033
19921215	0.0033
19921216	0.0008
19921217	-0.0041
19921218	0.0098
19921221	0.0137
19921222	0.0120
19921223	0.0016
19921224	0.0000
19921225	0.0000
19921228	0.0118
19921229	0.0109
19921230	-0.0078
19921231	0.0000
19930101	0.0000
19930104	0.0031
19930105	0.0047
19930106	0.0015
19930107	-0.0109
19930108	-0.0008
19930111	-0.0079
19930112	0.0063
19930113	-0.0166
19930114	0.0040
19930115	0.0189
19930118	0.0108
19930119	-0.0054
19930120	0.0000
19930121	0.0062
19930122	0.0107
19930125	-0.0169
19930126	-0.0023
19930127	-0.0094
19930128	0.0023
19930129	0.0039
19930201	0.0108
19930202	-0.0124
19930203	0.0054
19930204	-0.0008
19930205	0.0169
19930208	0.0053
19930209	0.0030
19930210	0.0000
19930211	0.0113
19930212	-0.0053
19930215	0.0105
19930216	-0.0135
19930217	0.0068
19930218	0.0090
19930219	0.0022
19930222	0.0000
19930223	-0.0263
19930224	-0.0115
19930225	0.0031
19930226	0.0069
19930301	0.0030
19930302	0.0053
19930303	-0.0099
19930304	0.0000
19930305	-0.0031
19930308	0.0107
19930309	0.0195
19930310	-0.0067
19930311	0.0015
19930312	-0.0181
19930315	0.0106
19930316	-0.0091
19930317	-0.0092
19930318	0.0152
19930319	0.0053
19930322	-0.0144
19930323	-0.0023
19930324	0.0023
19930325	-0.0046
19930326	0.0023
19930329	0.0053
19930330	0.0151
19930331	-0.0022
19930401	-0.0098
19930402	-0.0008
19930405	0.0023
19930406	0.0083
19930407	-0.0053
19930408	0.0015
19930409	0.0000
19930412	0.0000
19930413	0.0105
19930414	0.0022
19930415	-0.0015
19930416	0.0015
19930419	0.0007
19930420	-0.0067
19930421	-0.0105
19930422	0.0053
19930423	-0.0106
19930426	-0.0107
19930427	-0.0077
19930428	-0.0410
19930429	-0.0057
19930430	0.0016
19930503	0.0000
19930504	-0.0081
19930505	0.0016
19930506	-0.0016
19930507	-0.0033
19930510	0.0016
19930511	0.0081
19930512	0.0209
19930513	-0.0032
19930514	-0.0016
19930517	-0.0048
19930518	-0.0024
19930519	-0.0056
19930520	0.0000
19930521	0.0040
19930524	-0.0081
19930525	0.0177
19930526	0.0064
19930527	0.0102
19930528	-0.0087
19930531	0.0000
19930601	0.0000
19930602	0.0008
19930603	0.0000
19930604	0.0016
19930607	0.0149
19930608	-0.0023
19930609	0.0070
19930610	0.0000
19930611	0.0015
19930614	-0.0062
19930615	0.0031
19930616	0.0069
19930617	-0.0093
19930618	0.0070
19930621	0.0084
19930622	0.0015
19930623	-0.0031
19930624	0.0015
19930625	0.0069
19930628	0.0121
19930629	-0.0075
19930630	-0.0045
19930701	0.0023
19930702	0.0038
19930705	0.0000
19930706	0.0105
19930707	0.0214
19930708	0.0295
19930709	-0.0107
19930712	0.0100
19930713	-0.0028
19930714	0.0078
19930715	-0.0028
19930716	0.0035
19930719	0.0091
19930720	0.0021
19930721	-0.0014
19930722	0.0007
19930723	-0.0035
19930726	0.0174
19930727	-0.0118
19930728	-0.0049
19930729	-0.0084
19930730	-0.0021
19930802	-0.0092
19930803	0.0156
19930804	0.0035
19930805	-0.0056
19930806	-0.0014
19930809	-0.0085
19930810	0.0014
19930811	0.0113
19930812	0.0077
19930813	0.0042
19930816	-0.0028
19930817	0.0042
19930818	0.0042
19930819	-0.0014
19930820	-0.0167
19930823	-0.0120
19930824	0.0071
19930825	-0.0007
19930826	-0.0150
19930827	0.0157
19930830	0.0099
19930831	0.0063
19930901	0.0028
19930902	0.0186
19930903	-0.0096
19930906	-0.0097
19930907	-0.0182
19930908	0.0007
19930909	0.0021
19930910	0.0049
19930913	0.0021
19930914	0.0007
19930915	-0.0077
19930916	0.0035
19930917	0.0133
19930920	0.0186
19930921	-0.0048
19930922	-0.0159
19930923	-0.0007
19930924	-0.0049
19930927	0.0159
19930928	0.0027
19930929	-0.0007
19930930	0.0027
19931001	0.0021
19931004	0.0068
19931005	0.0141
19931006	0.0073
19931007	-0.0040
19931008	0.0113
19931011	0.0000
19931012	-0.0060
19931013	-0.0067
19931014	0.0020
19931015	0.0027
19931018	0.0046
19931019	0.0040
19931020	-0.0079
19931021	0.0099
19931022	0.0163
19931025	-0.0104
19931026	-0.0007
19931027	-0.0046
19931028	0.0013
19931029	0.0065
19931101	0.0000
19931102	0.0110
19931103	0.0051
19931104	-0.0129
19931105	-0.0184
19931108	0.0053
19931109	0.0208
19931110	-0.0071
19931111	0.0000
19931112	0.0013
19931115	0.0090
19931116	0.0102
19931117	0.0000
19931118	0.0025
19931119	-0.0070
19931122	-0.0246
19931123	0.0059
19931124	0.0097
19931125	0.0166
19931126	0.0019
19931129	0.0013
19931130	0.0000
19931201	0.0194
19931202	0.0086
19931203	0.0183
19931206	-0.0061
19931207	0.0018
19931208	0.0210
19931209	-0.0006
19931210	0.0124
19931213	0.0012
19931214	-0.0183
19931215	0.0012
19931216	0.0053
19931217	0.0106
19931220	0.0023
19931221	-0.0006
19931222	0.0111
19931223	0.0023
19931224	0.0000
19931227	0.0302
19931228	-0.0221
19931229	0.0011
19931230	0.0193
19931231	0.0000
19940103	0.0067
19940104	-0.0157
19940105	-0.0085
19940106	-0.0057
19940107	-0.0052
19940110	0.0069
19940111	0.0063
19940112	-0.0260
19940113	-0.0171
19940114	0.0048
19940117	-0.0083
19940118	0.0125
19940119	0.0082
19940120	-0.0183
19940121	-0.0144
19940124	0.0397
19940125	-0.0111
19940126	0.0278
19940127	-0.0103
19940128	0.0296
19940131	0.0050
19940201	-0.0146
19940202	0.0000
19940203	-0.0334
19940204	0.0208
19940207	-0.0232
19940208	0.0082
19940209	0.0029
19940210	0.0041
19940211	-0.0046
19940214	-0.0035
19940215	0.0052
19940216	0.0017
19940217	0.0149
19940218	-0.0138
19940221	-0.0058
19940222	0.0000
19940223	0.0156
19940224	-0.0208
19940225	0.0012
19940228	0.0236
19940301	-0.0219
19940302	-0.0159
19940303	0.0170
19940304	0.0127
19940307	0.0205
19940308	-0.0028
19940309	0.0000
19940310	0.0011
19940311	-0.0091
19940314	0.0253
19940315	0.0044
19940316	-0.0055
19940317	0.0022
19940318	-0.0044
19940321	0.0078
19940322	0.0126
19940323	0.0221
19940324	-0.0194
19940325	0.0054
19940328	0.0065
19940329	-0.0092
19940330	-0.0093
19940331	-0.0143
19940401	0.0000
19940404	0.0000
19940405	0.0328
19940406	0.0139
19940407	0.0079
19940408	-0.0042
19940411	0.0053
19940412	-0.0100
19940413	0.0026
19940414	-0.0080
19940415	0.0090
19940418	0.0053
19940419	-0.0021
19940420	-0.0042
19940421	-0.0053
19940422	-0.0011
19940425	-0.0053
19940426	0.0254
19940427	-0.0063
19940428	-0.0127
19940429	0.0069
19940502	-0.0106
19940503	-0.0118
19940504	-0.0076
19940505	0.0092
19940506	-0.0103
19940509	-0.0126
19940510	0.0164
19940511	0.0000
19940512	0.0000
19940513	0.0016
19940516	0.0049
19940517	0.0070
19940518	-0.0021
19940519	-0.0070
19940520	-0.0043
19940523	0.0000
19940524	-0.0348
19940525	-0.0262
19940526	0.0126
19940527	-0.0046
19940530	0.0046
19940531	0.0034
19940601	-0.0126
19940602	0.0000
19940603	0.0239
19940606	0.0028
19940607	-0.0124
19940608	0.0107
19940609	-0.0062
19940610	0.0011
19940613	-0.0385
19940614	0.0076
19940615	-0.0017
19940616	-0.0129
19940617	-0.0030
19940620	-0.0185
19940621	-0.0176
19940622	0.0260
19940623	0.0142
19940624	-0.0172
19940627	-0.0115
19940628	0.0144
19940629	0.0113
19940630	-0.0197
19940701	0.0084
19940704	0.0060
19940705	-0.0138
19940706	0.0018
19940707	0.0090
19940708	-0.0072
19940711	0.0018
19940712	-0.0145
19940713	-0.0172
19940714	0.0037
19940715	0.0159
19940718	0.0174
19940719	0.0136
19940720	-0.0035
19940721	0.0100
19940722	0.0179
19940725	-0.0069
19940726	0.0109
19940727	-0.0167
19940728	0.0012
19940729	0.0121
19940801	0.0051
19940802	0.0248
19940803	-0.0073
19940804	-0.0084
19940805	0.0034
19940808	0.0034
19940809	-0.0056
19940810	-0.0023
19940811	-0.0040
19940812	-0.0086
19940815	-0.0023
19940816	0.0080
19940817	0.0136
19940818	-0.0051
19940819	0.0017
19940822	-0.0165
19940823	0.0091
19940824	0.0040
19940825	-0.0011
19940826	0.0118
19940829	0.0216
19940830	-0.0016
19940831	0.0000
19940901	-0.0149
19940902	0.0072
19940905	-0.0067
19940906	-0.0028
19940907	0.0011
19940908	0.0050
19940909	-0.0134
19940912	-0.0011
19940913	0.0000
19940914	-0.0188
19940915	0.0029
19940916	-0.0127
19940919	0.0023
19940920	-0.0222
19940921	0.0006
19940922	0.0012
19940923	0.0210
19940926	-0.0228
19940927	0.0018
19940928	0.0082
19940929	-0.0153
19940930	-0.0247
19941003	0.0000
19941004	0.0012
19941005	-0.0321
19941006	0.0056
19941007	-0.0050
19941010	0.0394
19941011	0.0309
19941012	-0.0012
19941013	0.0116
19941014	-0.0012
19941017	-0.0117
19941018	-0.0059
19941019	-0.0047
19941020	-0.0137
19941021	-0.0078
19941024	0.0018
19941025	-0.0263
19941026	0.0136
19941027	0.0055
19941028	0.0247
19941031	-0.0018
19941101	0.0006
19941102	-0.0247
19941103	-0.0006
19941104	0.0085
19941107	-0.0103
19941108	0.0073
19941109	0.0180
19941110	0.0000
19941111	-0.0132
19941114	0.0018
19941115	0.0072
19941116	0.0000
19941117	-0.0114
19941118	-0.0079
19941121	-0.0031
19941122	-0.0098
19941123	-0.0031
19941124	0.0135
19941125	0.0055
19941128	0.0006
19941129	-0.0006
19941130	0.0157
19941201	-0.0133
19941202	-0.0079
19941205	0.0170
19941206	-0.0091
19941207	-0.0036
19941208	-0.0024
19941209	-0.0024
19941212	-0.0025
19941213	0.0086
19941214	0.0145
19941215	0.0060
19941216	0.0083
19941219	-0.0030
19941220	0.0077
19941221	0.0221
19941222	0.0075
19941223	-0.0115
19941226	0.0000
19941227	0.0023
19941228	-0.0064
19941229	-0.0070
19941230	0.0168
19950102	-0.0127
19950103	-0.0012
19950104	0.0000
19950105	-0.0170
19950106	0.0000
19950109	-0.0030
19950110	0.0000
19950111	0.0000
19950112	-0.0048
19950113	0.0042
19950116	0.0083
19950117	-0.0071
19950118	0.0024
19950119	0.0047
19950120	-0.0095
19950123	-0.0132
19950124	0.0120
19950125	0.0053
19950126	0.0153
19950127	0.0006
19950130	-0.0041
19950131	-0.0071
19950201	0.0123
19950202	-0.0023
19950203	0.0225
19950206	-0.0040
19950207	0.0017
19950208	-0.0057
19950209	0.0052
19950210	0.0051
19950213	0.0057
19950214	0.0051
19950215	-0.0011
19950216	-0.0165
19950217	0.0000
19950220	-0.0063
19950221	-0.0052
19950222	-0.0052
19950223	0.0145
19950224	-0.0035
19950227	-0.0023
19950228	-0.0099
19950301	0.0156
19950302	-0.0081
19950303	-0.0046
19950306	-0.0188
19950307	-0.0186
19950308	-0.0048
19950309	-0.0098
19950310	0.0122
19950313	-0.0183
19950314	0.0268
19950315	-0.0084
19950316	0.0138
19950317	-0.0138
19950320	-0.0006
19950321	0.0030
19950322	0.0018
19950323	-0.0177
19950324	0.0073
19950327	-0.0135
19950328	-0.0043
19950329	0.0012
19950330	0.0215
19950331	-0.0134
19950403	0.0086
19950404	0.0115
19950405	-0.0042
19950406	-0.0073
19950407	0.0037
19950410	0.0024
19950411	-0.0018
19950412	0.0042
19950413	-0.0012
19950414	0.0000
19950417	0.0000
19950418	-0.0177
19950419	0.0012
19950420	0.0049
19950421	0.0200
19950424	0.0030
19950425	0.0149
19950426	-0.0397
19950427	0.0043
19950428	0.0018
19950501	0.0000
19950502	0.0103
19950503	-0.0048
19950504	-0.0122
19950505	-0.0130
19950508	0.0124
19950509	0.0128
19950510	0.0073
19950511	0.0060
19950512	0.0107
19950515	0.0012
19950516	0.0030
19950517	-0.0137
19950518	-0.0042
19950519	-0.0127
19950522	0.0205
19950523	-0.0144
19950524	0.0138
19950525	0.0000
19950526	-0.0260
19950529	0.0006
19950530	0.0037
19950531	0.0073
19950601	0.0072
19950602	0.0012
19950605	0.0000
19950606	0.0018
19950607	-0.0072
19950608	0.0006
19950609	-0.0170
19950612	0.0200
19950613	-0.0078
19950614	0.0012
19950615	0.0000
19950616	0.0066
19950619	0.0184
19950620	-0.0071
19950621	0.0053
19950622	0.0071
19950623	-0.0124
19950626	-0.0024
19950627	-0.0072
19950628	-0.0072
19950629	0.0048
19950630	-0.0030
19950703	0.0012
19950704	0.0060
19950705	0.0042
19950706	-0.0048
19950707	0.0301
19950710	0.0127
19950711	0.0182
19950712	0.0017
19950713	-0.0051
19950714	0.0028
19950717	0.0067
19950718	-0.0118
19950719	0.0068
19950720	-0.0085
19950721	0.0040
19950724	0.0323
19950725	-0.0077
19950726	-0.0044
19950727	-0.0067
19950728	-0.0050
19950731	0.0028
19950801	-0.0050
19950802	0.0173
19950803	-0.0072
19950804	0.0017
19950807	-0.0039
19950808	-0.0084
19950809	-0.0028
19950810	0.0107
19950811	0.0056
19950814	-0.0056
19950815	0.0116
19950816	0.0137
19950817	0.0000
19950818	0.0027
19950821	0.0000
19950822	-0.0071
19950823	0.0082
19950824	-0.0049
19950825	0.0038
19950828	-0.0137
19950829	-0.0022
19950830	0.0088
19950831	-0.0071
19950901	0.0011
19950904	0.0088
19950905	0.0103
19950906	-0.0005
19950907	-0.0011
19950908	-0.0054
19950911	-0.0065
19950912	-0.0033
19950913	0.0136
19950914	-0.0016
19950915	0.0032
19950918	-0.0016
19950919	0.0027
19950920	-0.0098
19950921	-0.0110
19950922	-0.0359
19950925	0.0108
19950926	0.0062
19950927	-0.0141
19950928	-0.0040
19950929	0.0085
19951002	-0.0017
19951003	0.0000
19951004	0.0068
19951005	-0.0091
19951006	-0.0080
19951009	-0.0075
19951010	0.0000
19951011	0.0138
19951012	0.0034
19951013	0.0197
19951016	-0.0017
19951017	-0.0078
19951018	0.0106
19951019	-0.0045
19951020	-0.0209
19951023	-0.0046
19951024	-0.0046
19951025	0.0137
19951026	-0.0006
19951027	-0.0057
19951030	0.0153
19951031	0.0078
19951101	0.0078
19951102	-0.0022
19951103	-0.0247
19951106	0.0040
19951107	-0.0006
19951108	-0.0040
19951109	0.0045
19951110	-0.0051
19951113	0.0085
19951114	-0.0028
19951115	-0.0028
19951116	0.0040
19951117	0.0006
19951120	0.0023
19951121	-0.0028
19951122	-0.0006
19951123	0.0017
19951124	0.0045
19951127	0.0167
19951128	0.0017
19951129	0.0022
19951130	0.0011
19951201	0.0006
19951204	-0.0050
19951205	0.0028
19951206	0.0000
19951207	-0.0017
19951208	0.0061
19951211	0.0016
19951212	0.0000
19951213	0.0005
19951214	-0.0044
19951215	0.0006
19951218	-0.0072
19951219	0.0000
19951220	0.0127
19951221	0.0060
19951222	0.0060
19951225	0.0000
19951226	0.0000
19951227	-0.0005
19951228	-0.0033
19951229	-0.0060
19960101	0.0000
19960102	0.0205
19960103	0.0175
19960104	0.0000
19960105	-0.0047
19960108	0.0115
19960109	0.0140
19960110	0.0021
19960111	0.0005
19960112	0.0203
19960115	0.0085
19960116	0.0119
19960117	-0.0035
19960118	0.0064
19960119	0.0025
19960122	-0.0069
19960123	0.0025
19960124	0.0214
19960125	0.0014
19960126	0.0247
19960129	-0.0090
19960130	0.0038
19960131	0.0052
19960201	0.0089
19960202	-0.0065
19960205	-0.0208
19960206	0.0152
19960207	0.0070
19960208	-0.0137
19960209	0.0118
19960212	-0.0052
19960213	-0.0005
19960214	-0.0071
19960215	-0.0009
19960216	0.0000
19960219	-0.0197
19960220	-0.0097
19960221	0.0136
19960222	0.0086
19960223	0.0180
19960226	0.0005
19960227	0.0070
19960228	0.0176
19960229	-0.0064
19960301	-0.0014
19960304	0.0046
19960305	-0.0037
19960306	0.0000
19960307	0.0300
19960308	0.0129
19960311	0.0000
19960312	-0.0174
19960313	-0.0068
19960314	0.0126
19960315	0.0386
19960318	0.0280
19960319	0.0046
19960320	-0.0008
19960321	0.0025
19960322	-0.0029
19960325	0.0133
19960326	0.0074
19960327	0.0122
19960328	-0.0146
19960329	-0.0086
19960401	-0.0037
19960402	0.0058
19960403	0.0025
19960404	0.0021
19960405	0.0000
19960408	0.0000
19960409	0.0118
19960410	0.0097
19960411	-0.0085
19960412	-0.0045
19960415	0.0045
19960416	0.0065
19960417	-0.0154
19960418	0.0012
19960419	0.0069
19960422	0.0185
19960423	0.0008
19960424	-0.0132
19960425	-0.0097
19960426	-0.0024
19960429	-0.0244
19960430	-0.0126
19960501	0.0000
19960502	-0.0051
19960503	0.0042
19960506	-0.0025
19960507	0.0004
19960508	-0.0051
19960509	0.0038
19960510	0.0051
19960513	-0.0098
19960514	0.0136
19960515	0.0084
19960516	0.0000
19960517	0.0079
19960520	-0.0008
19960521	0.0230
19960522	-0.0065
19960523	-0.0020
19960524	0.0098
19960527	0.0000
19960528	0.0024
19960529	-0.0085
19960530	-0.0057
19960531	0.0037
19960603	0.0016
19960604	0.0012
19960605	-0.0053
19960606	0.0012
19960607	-0.0157
19960610	0.0128
19960611	0.0065
19960612	0.0069
19960613	0.0357
19960614	-0.0059
19960617	0.0063
19960618	0.0004
19960619	0.0074
19960620	-0.0054
19960621	-0.0008
19960624	0.0105
19960625	0.0153
19960626	-0.0080
19960627	-0.0150
19960628	0.0062
19960701	0.0019
19960702	-0.0027
19960703	-0.0074
19960704	0.0000
19960705	-0.0078
19960708	-0.0138
19960709	-0.0068
19960710	0.0151
19960711	-0.0103
19960712	0.0060
19960715	0.0028
19960716	-0.0494
19960717	0.0290
19960718	0.0048
19960719	-0.0174
19960722	-0.0098
19960723	0.0029
19960724	-0.0199
19960725	0.0042
19960726	0.0017
19960729	0.0033
19960730	-0.0071
19960731	0.0004
19960801	0.0013
19960802	0.0104
19960805	0.0012
19960806	-0.0062
19960807	0.0116
19960808	0.0114
19960809	0.0024
19960812	-0.0024
19960813	0.0161
19960814	-0.0012
19960815	0.0076
19960816	0.0099
19960819	-0.0099
19960820	-0.0008
19960821	-0.0044
19960822	0.0182
19960823	0.0125
19960826	-0.0027
19960827	0.0104
19960828	-0.0112
19960829	-0.0145
19960830	-0.0028
19960902	0.0004
19960903	-0.0020
19960904	0.0028
19960905	0.0043
19960906	0.0012
19960909	0.0000
19960910	0.0229
19960911	0.0042
19960912	0.0091
19960913	0.0075
19960916	0.0105
19960917	-0.0097
19960918	-0.0072
19960919	0.0042
19960920	0.0011
19960923	0.0019
19960924	0.0179
19960925	0.0029
19960926	0.0022
19960927	-0.0081
19960930	-0.0011
19961001	-0.0019
19961002	0.0249
19961003	0.0000
19961004	0.0289
19961007	-0.0074
19961008	-0.0018
19961009	-0.0175
19961010	0.0025
19961011	0.0065
19961014	0.0054
19961015	0.0096
19961016	-0.0074
19961017	0.0064
19961018	-0.0071
19961021	0.0043
19961022	-0.0132
19961023	-0.0130
19961024	-0.0007
19961025	0.0069
19961028	0.0032
19961029	-0.0105
19961030	-0.0022
19961031	0.0022
19961101	-0.0018
19961104	0.0054
19961105	0.0094
19961106	0.0150
19961107	-0.0011
19961108	-0.0146
19961111	0.0018
19961112	0.0068
19961113	-0.0079
19961114	-0.0108
19961115	0.0247
19961118	-0.0207
19961119	0.0133
19961120	-0.0039
19961121	0.0029
19961122	0.0078
19961125	0.0162
19961126	0.0132
19961127	-0.0083
19961128	0.0155
19961129	0.0189
19961202	0.0050
19961203	0.0498
19961204	-0.0257
19961205	0.0055
19961206	-0.0266
19961209	0.0171
19961210	0.0204
19961211	-0.0405
19961212	0.0020
19961213	-0.0280
19961216	-0.0069
19961217	-0.0010
19961218	0.0127
19961219	0.0024
19961220	-0.0027
19961223	-0.0123
19961224	0.0000
19961225	0.0000
19961226	0.0000
19961227	0.0208
19961230	0.0230
19961231	0.0000
19970101	0.0000
19970102	-0.0298
19970103	0.0132
19970106	-0.0034
19970107	-0.0249
19970108	-0.0038
19970109	0.0035
19970110	0.0014
19970113	0.0161
19970114	0.0142
19970115	-0.0007
19970116	0.0023
19970117	-0.0081
19970120	-0.0115
19970121	0.0037
19970122	0.0155
19970123	-0.0020
19970124	-0.0101
19970127	0.0000
19970128	0.0138
19970129	-0.0017
19970130	-0.0118
19970131	0.0047
19970203	0.0040
19970204	0.0007
19970205	0.0439
19970206	0.0067
19970207	0.0076
19970210	0.0054
19970211	0.0116
19970212	0.0093
19970213	0.0061
19970214	0.0003
19970217	0.0289
19970218	-0.0033
19970219	0.0062
19970220	-0.0065
19970221	-0.0036
19970224	-0.0114
19970225	0.0087
19970226	0.0060
19970227	0.0221
19970228	-0.0032
19970303	-0.0091
19970304	0.0377
19970305	-0.0097
19970306	0.0086
19970307	0.0261
19970310	0.0282
19970311	-0.0296
19970312	-0.0319
19970313	-0.0081
19970314	0.0144
19970317	-0.0213
19970318	-0.0368
19970319	-0.0073
19970320	-0.0287
19970321	0.0059
19970324	0.0074
19970325	0.0220
19970326	0.0242
19970327	-0.0155
19970328	0.0000
19970331	0.0000
19970401	-0.0258
19970402	-0.0183
19970403	-0.0038
19970404	0.0022
19970407	0.0430
19970408	-0.0045
19970409	0.0179
19970410	-0.0164
19970411	-0.0048
19970414	-0.0205
19970415	0.0196
19970416	0.0027
19970417	0.0078
19970418	0.0066
19970421	-0.0072
19970422	0.0060
19970423	0.0024
19970424	-0.0042
19970425	-0.0245
19970428	0.0143
19970429	0.0188
19970430	-0.0430
19970501	0.0000
19970502	0.0025
19970505	0.0205
19970506	-0.0015
19970507	-0.0264
19970508	0.0000
19970509	-0.0084
19970512	-0.0022
19970513	-0.0054
19970514	-0.0028
19970515	-0.0070
19970516	0.0016
19970519	0.0000
19970520	-0.0288
19970521	0.0240
19970522	-0.0067
19970523	0.0358
19970526	0.0258
19970527	-0.0052
19970528	-0.0073
19970529	0.0040
19970530	-0.0173
19970602	0.0133
19970603	0.0095
19970604	0.0030
19970605	0.0021
19970606	-0.0030
19970609	0.0015
19970610	-0.0251
19970611	-0.0087
19970612	0.0038
19970613	0.0106
19970616	0.0031
19970617	-0.0031
19970618	0.0129
19970619	0.0136
19970620	-0.0018
19970623	-0.0225
19970624	-0.0037
19970625	0.0117
19970626	-0.0071
19970627	0.0049
19970630	-0.0058
19970701	0.0384
19970702	0.0100
19970703	0.0134
19970704	0.0023
19970707	0.0023
19970708	0.0069
19970709	0.0117
19970710	-0.0102
19970711	0.0088
19970714	0.0104
19970715	0.0045
19970716	0.0163
19970717	0.0022
19970718	-0.0340
19970721	-0.0077
19970722	0.0365
19970723	0.0210
19970724	-0.0163
19970725	0.0414
19970728	0.0131
19970729	-0.0186
19970730	0.0042
19970731	-0.0362
19970801	0.0008
19970804	-0.0204
19970805	0.0105
19970806	0.0145
19970807	0.0038
19970808	-0.0033
19970811	-0.0038
19970812	0.0346
19970813	-0.0387
19970814	-0.0382
19970815	-0.0436
19970818	0.0039
19970819	0.0323
19970820	0.0243
19970821	-0.0304
19970822	-0.0248
19970825	-0.0170
19970826	-0.0103
19970827	-0.0193
19970828	-0.0090
19970829	0.0130
19970901	0.0092
19970902	0.0433
19970903	-0.0382
19970904	0.0052
19970905	0.0066
19970908	0.0255
19970909	-0.0071
19970910	-0.0149
19970911	-0.0481
19970912	-0.0235
19970915	0.0115
19970916	0.0263
19970917	-0.0096
19970918	0.0244
19970919	-0.0064
19970922	0.0341
19970923	-0.0018
19970924	0.0215
19970925	-0.0185
19970926	0.0009
19970929	-0.0137
19970930	0.0102
19971001	0.0342
19971002	0.0017
19971003	0.0000
19971006	0.0020
19971007	0.0181
19971008	-0.0222
19971009	-0.0271
19971010	-0.0104
19971013	-0.0090
19971014	-0.0115
19971015	-0.0153
19971016	-0.0273
19971017	0.0070
19971020	0.0187
19971021	0.0163
19971022	-0.0079
19971023	-0.0439
19971024	-0.0084
19971027	-0.0285
19971028	-0.0137
19971029	0.0010
19971030	0.0047
19971031	-0.0196
19971103	0.0065
19971104	-0.0140
19971105	0.0010
19971106	-0.0132
19971107	-0.0229
19971110	0.0043
19971111	0.0085
19971112	0.0032
19971113	0.0094
19971114	0.0104
19971117	0.0553
19971118	0.0142
19971119	0.0144
19971120	-0.0102
19971121	0.0000
19971124	-0.0249
19971125	-0.0030
19971126	0.0340
19971127	0.0054
19971128	0.0038
19971201	0.0246
19971202	-0.0096
19971203	0.0071
19971204	0.0006
19971205	-0.0031
19971208	0.0015
19971209	-0.0212
19971210	-0.0239
19971211	-0.0305
19971212	-0.0080
19971215	-0.0179
19971216	0.0220
19971217	0.0103
19971218	-0.0080
19971219	-0.0233
19971222	0.0041
19971223	0.0360
19971224	0.0000
19971225	0.0000
19971226	0.0000
19971229	0.0467
19971230	0.0016
19971231	0.0000
19980101	0.0000
19980102	0.0746
19980105	0.0132
19980106	-0.0379
19980107	-0.0183
19980108	-0.0122
19980109	-0.0120
19980112	-0.0185
19980113	-0.0070
19980114	-0.0196
19980115	-0.0085
19980116	0.0130
19980119	0.0242
19980120	-0.0003
19980121	-0.0165
19980122	-0.0055
19980123	0.0138
19980126	0.0232
19980127	0.0160
19980128	0.0055
19980129	-0.0006
19980130	0.0049
19980202	0.0602
19980203	0.0150
19980204	0.0312
19980205	-0.0082
19980206	0.0321
19980209	-0.0299
19980210	0.0211
19980211	-0.0211
19980212	-0.0320
19980213	0.0042
19980216	-0.0119
19980217	0.0225
19980218	-0.0197
19980219	-0.0083
19980220	0.0023
19980223	0.0474
19980224	0.0071
19980225	0.0158
19980226	-0.0027
19980227	-0.0175
19980302	0.0146
19980303	-0.0113
19980304	-0.0167
19980305	0.0101
19980306	0.0272
19980309	0.0405
19980310	0.0000
19980311	-0.0015
19980312	-0.0217
19980313	-0.0047
19980316	-0.0031
19980317	0.0081
19980318	-0.0081
19980319	0.0303
19980320	0.0112
19980323	-0.0025
19980324	0.0215
19980325	0.0002
19980326	-0.0223
19980327	0.0103
19980330	0.0067
19980331	0.0020
19980401	0.0020
19980402	0.0035
19980403	0.0096
19980406	0.0034
19980407	-0.0339
19980408	-0.0061
19980409	0.0126
19980410	0.0000
19980413	0.0000
19980414	-0.0053
19980415	-0.0167
19980416	-0.0072
19980417	-0.0083
19980420	0.0244
19980421	-0.0146
19980422	-0.0132
19980423	-0.0166
19980424	-0.0147
19980427	-0.0051
19980428	0.0140
19980429	0.0000
19980430	0.0268
19980501	0.0000
19980504	-0.0165
19980505	-0.0213
19980506	-0.0030
19980507	-0.0183
19980508	0.0142
19980511	0.0268
19980512	-0.0061
19980513	0.0184
19980514	0.0119
19980515	0.0049
19980518	-0.0077
19980519	0.0064
19980520	0.0123
19980521	0.0000
19980522	-0.0179
19980525	0.0136
19980526	-0.0128
19980527	-0.0190
19980528	0.0410
19980529	0.0370
19980601	0.0000
19980602	-0.0059
19980603	-0.0012
19980604	-0.0101
19980605	0.0184
19980608	0.0266
19980609	0.0045
19980610	0.0173
19980611	0.0000
19980612	-0.0419
19980615	-0.0136
19980616	0.0012
19980617	0.0494
19980618	-0.0012
19980619	-0.0023
19980622	-0.0113
19980623	0.0057
19980624	0.0112
19980625	0.0268
19980626	-0.0068
19980629	0.0221
19980630	-0.0027
19980701	0.0188
19980702	0.0120
19980703	0.0000
19980706	0.0041
19980707	-0.0022
19980708	-0.0150
19980709	-0.0251
19980710	-0.0086
19980713	0.0018
19980714	0.0115
19980715	-0.0058
19980716	-0.0253
19980717	0.0002
19980720	0.0035
19980721	-0.0014
19980722	-0.0309
19980723	-0.0052
19980724	-0.0074
19980727	-0.0217
19980728	-0.0044
19980729	-0.0112
19980730	0.0037
19980731	-0.0252
19980803	-0.0103
19980804	-0.0117
19980805	-0.0102
19980806	-0.0270
19980807	-0.0024
19980810	-0.0074
19980811	-0.0431
19980812	0.0014
19980813	-0.0014
19980814	0.0192
19980817	-0.0028
19980818	0.0397
19980819	0.0269
19980820	-0.0686
19980821	-0.0479
19980824	0.0167
19980825	0.0078
19980826	-0.0403
19980827	-0.0464
19980828	0.0178
19980831	-0.0171
19980901	0.0343
19980902	0.0027
19980903	-0.0471
19980904	0.0095
19980907	0.0075
19980908	0.0118
19980909	-0.0256
19980910	-0.0269
19980911	0.0068
19980914	0.0330
19980915	-0.0256
19980916	0.0016
19980917	-0.0032
19980918	-0.0126
19980921	-0.0260
19980922	0.0126
19980923	0.0397
19980924	-0.0185
19980925	-0.0039
19980928	0.0256
19980929	-0.0016
19980930	-0.0420
19981001	-0.0438
19981002	0.0010
19981005	-0.0414
19981006	0.0373
19981007	-0.0101
19981008	-0.0126
19981009	0.0258
19981012	0.0215
19981013	-0.0256
19981014	0.0041
19981015	-0.0132
19981016	0.0197
19981019	0.0139
19981020	0.0057
19981021	-0.0121
19981022	-0.0048
19981023	0.0329
19981026	0.0228
19981027	0.0358
19981028	-0.0381
19981029	0.0183
19981030	0.0374
19981102	0.0110
19981103	0.0024
19981104	0.0250
19981105	-0.0259
19981106	-0.0131
19981109	-0.0074
19981110	-0.0399
19981111	-0.0006
19981112	-0.0103
19981113	0.0266
19981116	0.0384
19981117	-0.0132
19981118	0.0168
19981119	0.0054
19981120	0.0078
19981123	0.0254
19981124	-0.0100
19981125	0.0076
19981126	-0.0082
19981127	0.0250
19981130	-0.0194
19981201	-0.0407
19981202	-0.0310
19981203	0.0212
19981204	-0.0174
19981207	-0.0145
19981208	0.0092
19981209	-0.0207
19981210	0.0131
19981211	-0.0022
19981214	0.0067
19981215	0.0259
19981216	0.0028
19981217	0.0119
19981218	0.0000
19981221	-0.0147
19981222	0.0288
19981223	0.0199
19981224	0.0000
19981225	0.0000
19981228	0.0009
19981229	0.0035
19981230	-0.0150
19981231	0.0000
19990101	0.0000
19990104	0.0607
19990105	-0.0017
19990106	0.0056
19990107	-0.0374
19990108	-0.0093
19990111	-0.0209
19990112	-0.0216
19990113	-0.0212
19990114	-0.0448
19990115	0.0282
19990118	0.0104
19990119	-0.0311
19990120	0.0039
19990121	-0.0051
19990122	0.0013
19990125	-0.0182
19990126	-0.0033
19990127	0.0095
19990128	0.0013
19990129	0.0324
19990201	-0.0172
19990202	-0.0119
19990203	0.0081
19990204	-0.0268
19990205	0.0000
19990208	-0.0046
19990209	-0.0352
19990210	0.0038
19990211	0.0062
19990212	-0.0068
19990215	-0.0076
19990216	-0.0045
19990217	-0.0003
19990218	-0.0017
19990219	-0.0222
19990222	0.0124
19990223	0.0607
19990224	0.0138
19990225	-0.0278
19990226	0.0110
19990301	-0.0238
19990302	0.0484
19990303	-0.0279
19990304	-0.0013
19990305	0.0076
19990308	0.0063
19990309	0.0101
19990310	0.0263
19990311	0.0044
19990312	0.0292
19990315	0.0031
19990316	0.0197
19990317	0.0030
19990318	0.0089
19990319	0.0214
19990322	-0.0172
19990323	-0.0403
19990324	-0.0130
19990325	0.0059
19990326	-0.0103
19990329	0.0170
19990330	-0.0096
19990331	0.0099
19990401	0.0216
19990402	0.0000
19990405	0.0000
19990406	0.0084
19990407	0.0056
19990408	0.0124
19990409	0.0339
19990412	0.0096
19990413	0.0081
19990414	0.0033
19990415	0.0521
19990416	0.0136
19990419	-0.0036
19990420	-0.0123
19990421	0.0005
19990422	-0.0021
19990423	-0.0230
19990426	0.0232
19990427	-0.0003
19990428	-0.0122
19990429	-0.0110
19990430	0.0022
19990503	-0.0212
19990504	-0.0161
19990505	-0.0036
19990506	0.0081
19990507	0.0218
19990510	-0.0030
19990511	-0.0171
19990512	-0.0143
19990513	0.0000
19990514	0.0028
19990517	-0.0216
19990518	0.0066
19990519	-0.0202
19990520	0.0361
19990521	0.0045
19990524	0.0000
19990525	-0.0081
19990526	0.0126
19990527	-0.0245
19990528	0.0040
19990531	-0.0026
19990601	-0.0014
19990602	0.0167
19990603	0.0000
19990604	0.0391
19990607	0.0142
19990608	-0.0112
19990609	-0.0049
19990610	0.0035
19990611	0.0227
19990614	0.0084
19990615	-0.0068
19990616	-0.0016
19990617	0.0107
19990618	-0.0347
19990621	0.0277
19990622	0.0000
19990623	-0.0100
19990624	0.0000
19990625	-0.0051
19990628	0.0095
19990629	-0.0077
19990630	0.0119
19990701	0.0138
19990702	0.0175
19990705	0.0204
19990706	0.0210
19990707	-0.0034
19990708	0.0056
19990709	-0.0185
19990712	0.0079
19990713	-0.0064
19990714	0.0138
19990715	-0.0402
19990716	-0.0059
19990719	0.0082
19990720	-0.0231
19990721	-0.0144
19990722	-0.0114
19990723	-0.0011
19990726	-0.0116
19990727	0.0102
19990728	0.0138
19990729	0.0024
19990730	-0.0074
19990802	0.0087
19990803	-0.0003
19990804	0.0211
19990805	-0.0008
19990806	-0.0059
19990809	0.0203
19990810	-0.0221
19990811	0.0013
19990812	0.0498
19990813	0.0093
19990816	-0.0140
19990817	-0.0193
19990818	-0.0063
19990819	-0.0046
19990820	0.0089
19990823	0.0048
19990824	0.0005
19990825	0.0207
19990826	-0.0257
19990827	-0.0018
19990830	-0.0018
19990831	-0.0283
19990901	0.0120
19990902	-0.0127
19990903	0.0202
19990906	-0.0142
19990907	-0.0247
19990908	-0.0070
19990909	0.0186
19990910	0.0185
19990913	0.0036
19990914	-0.0078
19990915	0.0013
19990916	-0.0308
19990917	-0.0027
19990920	0.0061
19990921	-0.0102
19990922	-0.0177
19990923	-0.0066
19990924	-0.0559
19990927	0.0084
19990928	0.0063
19990929	0.0083
19990930	0.0065
19991001	-0.0023
19991004	-0.0003
19991005	0.0227
19991006	0.0006
19991007	-0.0176
19991008	-0.0202
19991011	0.0023
19991012	0.0092
19991013	-0.0184
19991014	-0.0015
19991015	-0.0111
19991018	-0.0068
19991019	0.0082
19991020	-0.0124
19991021	0.0053
19991022	0.0334
19991025	0.0017
19991026	0.0060
19991027	0.0040
19991028	0.0270
19991029	0.0008
19991101	0.0033
19991102	0.0000
19991103	-0.0116
19991104	0.0225
19991105	0.0121
19991108	0.0016
19991109	-0.0080
19991110	0.0115
19991111	-0.0126
19991112	-0.0204
19991115	0.0255
19991116	0.0296
19991117	-0.0110
19991118	0.0316
19991119	-0.0144
19991122	-0.0023
19991123	-0.0149
19991124	-0.0074
19991125	0.0285
19991126	0.0082
19991129	0.0064
19991130	-0.0059
19991201	0.0185
19991202	-0.0093
19991203	0.0128
19991206	-0.0095
19991207	-0.0094
19991208	0.0033
19991209	-0.0133
19991210	-0.0143
19991213	0.0158
19991214	0.0168
19991215	0.0350
19991216	0.0534
19991217	-0.0161
19991220	0.0054
19991221	-0.0110
19991222	-0.0002
19991223	0.0068
19991224	0.0000
19991227	-0.0047
19991228	0.0254
19991229	-0.0021
19991230	0.0203
19991231	0.0000
20000103	-0.0410
20000104	-0.0269
20000105	-0.0257
20000106	0.0291
20000107	0.0408
20000110	0.0357
20000111	-0.0301
20000112	-0.0442
20000113	-0.0068
20000114	0.0237
20000117	0.0273
20000118	-0.0251
20000119	0.0000
20000120	-0.0133
20000121	-0.0171
20000124	0.0058
20000125	-0.0539
20000126	-0.0023
20000127	-0.0170
20000128	0.0062
20000131	-0.0304
20000201	0.0032
20000202	0.0429
20000203	0.0177
20000204	-0.0274
20000207	-0.0268
20000208	0.0718
20000209	0.0115
20000210	0.0159
20000211	-0.0343
20000214	0.0162
20000215	-0.0578
20000216	0.0322
20000217	0.0300
20000218	0.0019
20000221	-0.0134
20000222	0.0115
20000223	-0.0044
20000224	-0.0231
20000225	0.0022
20000228	0.0012
20000229	0.0216
20000301	-0.0251
20000302	0.0035
20000303	-0.0226
20000306	0.0028
20000307	-0.0301
20000308	-0.0034
20000309	0.0258
20000310	-0.0253
20000313	0.0161
20000314	0.0072
20000315	0.0099
20000316	0.0706
20000317	0.0175
20000320	-0.0060
20000321	-0.0082
20000322	-0.0066
20000323	-0.0213
20000324	0.0000
20000327	0.0137
20000328	0.0275
20000329	0.0229
20000330	-0.0025
20000331	-0.0005
20000403	0.0036
20000404	0.0117
20000405	-0.0430
20000406	-0.0268
20000407	-0.0089
20000410	0.0268
20000411	-0.0157
20000412	0.0083
20000413	-0.0050
20000414	-0.0050
20000417	-0.0152
20000418	-0.0046
20000419	-0.0163
20000420	-0.0047
20000421	0.0000
20000424	0.0000
20000425	0.0308
20000426	0.0163
20000427	-0.0098
20000428	0.0371
20000501	0.0000
20000502	-0.0318
20000503	-0.0072
20000504	0.0151
20000505	-0.0100
20000508	-0.0084
20000509	0.0151
20000510	-0.0249
20000511	0.0010
20000512	-0.0049
20000515	-0.0136
20000516	0.0151
20000517	-0.0126
20000518	-0.0040
20000519	-0.0032
20000522	-0.0010
20000523	0.0124
20000524	0.0037
20000525	-0.0234
20000526	-0.0142
20000529	0.0137
20000530	0.0025
20000531	-0.0211
20000601	0.0097
20000602	0.0058
20000605	0.0061
20000606	-0.0183
20000607	0.0109
20000608	-0.0133
20000609	0.0228
20000612	0.0008
20000613	-0.0043
20000614	-0.0076
20000615	-0.0273
20000616	-0.0181
20000619	-0.0045
20000620	-0.0021
20000621	-0.0164
20000622	-0.0117
20000623	-0.0039
20000626	0.0055
20000627	0.0033
20000628	0.0254
20000629	-0.0121
20000630	0.0366
20000703	0.0119
20000704	0.0158
20000705	-0.0005
20000706	-0.0158
20000707	0.0115
20000710	0.0051
20000711	-0.0051
20000712	0.0372
20000713	-0.0002
20000714	-0.0208
20000717	0.0151
20000718	-0.0069
20000719	0.0027
20000720	0.0169
20000721	-0.0115
20000724	0.0149
20000725	0.0235
20000726	-0.0009
20000727	-0.0221
20000728	0.0308
20000731	-0.0028
20000801	-0.0005
20000802	0.0012
20000803	0.0033
20000804	-0.0073
20000807	0.0118
20000808	-0.0165
20000809	-0.0081
20000810	0.0062
20000811	0.0249
20000814	0.0037
20000815	0.0167
20000816	0.0005
20000817	-0.0156
20000818	0.0124
20000821	0.0059
20000822	0.0063
20000823	0.0043
20000824	-0.0020
20000825	0.0288
20000828	-0.0079
20000829	-0.0097
20000830	-0.0007
20000831	-0.0062
20000901	-0.0181
20000904	-0.0002
20000905	0.0059
20000906	-0.0005
20000907	-0.0215
20000908	-0.0308
20000911	-0.0034
20000912	-0.0007
20000913	0.0050
20000914	-0.0010
20000915	-0.0108
20000918	-0.0178
20000919	0.0071
20000920	-0.0350
20000921	-0.0181
20000922	0.0541
20000925	-0.0115
20000926	-0.0167
20000927	-0.0023
20000928	0.0018
20000929	-0.0050
20001002	0.0259
20001003	0.0000
20001004	0.0200
20001005	0.0240
20001006	0.0154
20001009	-0.0187
20001010	0.0019
20001011	-0.0009
20001012	-0.0304
20001013	0.0238
20001016	0.0009
20001017	0.0113
20001018	0.0124
20001019	0.0482
20001020	-0.0246
20001023	-0.0045
20001024	0.0043
20001025	0.0106
20001026	0.0167
20001027	0.0159
20001030	0.0082
20001031	0.0332
20001101	0.0066
20001102	-0.0186
20001103	0.0188
20001106	0.0080
20001107	0.0006
20001108	-0.0060
20001109	-0.0135
20001110	-0.0202
20001113	-0.0045
20001114	0.0316
20001115	-0.0008
20001116	-0.0323
20001117	-0.0073
20001120	-0.0216
20001121	0.0222
20001122	-0.0122
20001123	-0.0011
20001124	0.0096
20001127	0.0157
20001128	0.0230
20001129	0.0033
20001130	-0.0191
20001201	0.0141
20001204	-0.0002
20001205	0.0290
20001206	0.0280
20001207	-0.0063
20001208	0.0366
20001211	-0.0102
20001212	-0.0404
20001213	-0.0123
20001214	0.0016
20001215	0.0037
20001218	0.0284
20001219	0.0176
20001220	-0.0010
20001221	-0.0239
20001222	0.0018
20001225	0.0000
20001226	0.0000
20001227	0.0194
20001228	0.0206
20001229	-0.0004
20010101	0.0000
20010102	0.0183
20010103	-0.0196
20010104	-0.0420
20010105	0.0020
20010108	0.0014
20010109	-0.0326
20010110	-0.0224
20010111	0.0100
20010112	0.0089
20010115	0.0157
20010116	-0.0171
20010117	0.0057
20010118	-0.0136
20010119	-0.0110
20010122	0.0054
20010123	0.0095
20010124	0.0029
20010125	0.0012
20010126	0.0114
20010129	0.0026
20010130	0.0105
20010131	0.0054
20010201	-0.0038
20010202	0.0004
20010205	0.0000
20010206	0.0004
20010207	-0.0036
20010208	-0.0058
20010209	-0.0026
20010212	0.0038
20010213	-0.0016
20010214	-0.0038
20010215	0.0135
20010216	0.0092
20010219	0.0116
20010220	-0.0132
20010221	0.0020
20010222	-0.0080
20010223	-0.0319
20010226	0.0224
20010227	0.0000
20010228	0.0076
20010301	-0.0020
20010302	-0.0028
20010305	-0.0018
20010306	-0.0105
20010307	0.0095
20010308	0.0066
20010309	-0.0056
20010312	-0.0089
20010313	-0.0210
20010314	-0.0444
20010315	0.0247
20010316	-0.0070
20010319	-0.0266
20010320	0.0087
20010321	-0.0327
20010322	-0.0342
20010323	0.0120
20010326	0.0245
20010327	0.0513
20010328	-0.0187
20010329	-0.0007
20010330	-0.0186
20010402	-0.0210
20010403	-0.0093
20010404	-0.0114
20010405	0.0016
20010406	-0.0116
20010409	0.0417
20010410	0.0082
20010411	0.0112
20010412	0.0065
20010413	0.0000
20010416	0.0000
20010417	0.0007
20010418	0.0067
20010419	0.0135
20010420	-0.0041
20010423	-0.0234
20010424	0.0100
20010425	-0.0142
20010426	0.0204
20010427	-0.0306
20010430	-0.0085
20010501	0.0000
20010502	-0.0365
20010503	-0.0119
20010504	0.0260
20010507	-0.0032
20010508	0.0162
20010509	0.0092
20010510	-0.0020
20010511	-0.0043
20010514	-0.0084
20010515	-0.0075
20010516	0.0255
20010517	-0.0027
20010518	-0.0025
20010521	0.0118
20010522	0.0007
20010523	-0.0156
20010524	-0.0027
20010525	-0.0034
20010528	-0.0002
20010529	-0.0204
20010530	0.0055
20010531	0.0092
20010601	0.0109
20010604	0.0007
20010605	-0.0218
20010606	0.0009
20010607	0.0171
20010608	0.0063
20010611	0.0040
20010612	-0.0169
20010613	0.0032
20010614	-0.0020
20010615	-0.0146
20010618	-0.0014
20010619	-0.0051
20010620	-0.0037
20010621	-0.0368
20010622	-0.0122
20010625	-0.0022
20010626	-0.0007
20010627	0.0081
20010628	0.0321
20010629	0.0270
20010702	0.0082
20010703	-0.0135
20010704	-0.0051
20010705	-0.0126
20010706	-0.0211
20010709	-0.0038
20010710	-0.0087
20010711	-0.0137
20010712	0.0093
20010713	0.0087
20010716	-0.0019
20010717	0.0144
20010718	-0.0067
20010719	0.0270
20010720	-0.0077
20010723	0.0042
20010724	-0.0059
20010725	-0.0124
20010726	0.0194
20010727	0.0147
20010730	0.0142
20010731	0.0120
20010801	-0.0095
20010802	-0.0246
20010803	-0.0103
20010806	0.0035
20010807	0.0000
20010808	-0.1943
20010809	-0.0097
20010810	-0.0250
20010813	0.0009
20010814	0.0041
20010815	-0.0371
20010816	-0.0599
20010817	0.0128
20010820	0.0317
20010821	0.0259
20010822	-0.0115
20010823	-0.0172
20010824	0.0043
20010827	0.0183
20010828	0.0207
20010829	-0.0003
20010830	-0.0075
20010831	-0.0057
20010903	0.0226
20010904	0.0204
20010905	-0.0233
20010906	-0.0197
20010907	-0.0094
20010910	-0.0119
20010911	-0.0414
20010912	-0.0074
20010913	-0.0305
20010914	-0.0600
20010917	0.0310
20010918	-0.0194
20010919	-0.0283
20010920	-0.0823
20010921	-0.0426
20010924	0.0991
20010925	-0.0033
20010926	0.0136
20010927	0.0432
20010928	0.0327
20011001	-0.0313
20011002	0.0132
20011003	0.0262
20011004	0.0090
20011005	-0.0010
20011008	0.0106
20011009	0.0413
20011010	0.0216
20011011	-0.0009
20011012	0.0728
20011015	-0.0477
20011016	-0.0088
20011017	-0.0021
20011018	0.0157
20011019	-0.0228
20011022	-0.0043
20011023	0.0238
20011024	0.0090
20011025	-0.0587
20011026	0.0126
20011029	-0.0212
20011030	-0.0213
20011031	0.0126
20011101	0.0242
20011102	-0.0025
20011105	0.0261
20011106	-0.0161
20011107	0.0353
20011108	0.0081
20011109	-0.0202
20011112	-0.0219
20011113	0.0231
20011114	-0.0222
20011115	0.0003
20011116	0.0686
20011119	0.0513
20011120	-0.0156
20011121	-0.0017
20011122	-0.0039
20011123	0.0042
20011126	-0.0227
20011127	-0.0148
20011128	-0.0236
20011129	0.0077
20011130	0.0153
20011203	0.0006
20011204	-0.0230
20011205	0.0256
20011206	0.0204
20011207	-0.0106
20011210	-0.0017
20011211	0.0009
20011212	-0.0284
20011213	-0.0189
20011214	-0.0122
20011217	0.0272
20011218	-0.0120
20011219	-0.0204
20011220	0.0022
20011221	-0.0065
20011224	0.0000
20011225	0.0000
20011226	0.0000
20011227	0.0352
20011228	0.0042
20011231	0.0000
20020101	0.0000
20020102	0.0106
20020103	0.0284
20020104	0.0206
20020107	-0.0031
20020108	0.0186
20020109	-0.0066
20020110	-0.0031
20020111	-0.0279
20020114	-0.0299
20020115	-0.0024
20020116	-0.0194
20020117	0.0182
20020118	-0.0113
20020121	0.0125
20020122	-0.0140
20020123	0.0391
20020124	0.0188
20020125	0.0003
20020128	-0.0094
20020129	-0.0196
20020130	0.0096
20020131	0.0075
20020201	0.0054
20020204	-0.0106
20020205	-0.0133
20020206	-0.0338
20020207	-0.0137
20020208	-0.0101
20020211	0.0153
20020212	-0.0147
20020213	0.0015
20020214	-0.0009
20020215	-0.0149
20020218	-0.0013
20020219	-0.0190
20020220	0.0045
20020221	0.0220
20020222	-0.0044
20020225	0.0219
20020226	0.0055
20020227	0.0130
20020228	0.0385
20020301	0.0135
20020304	0.0175
20020305	-0.0053
20020306	-0.0028
20020307	-0.0079
20020308	0.0278
20020311	-0.0019
20020312	0.0173
20020313	0.0079
20020314	0.0174
20020315	0.0187
20020318	-0.0181
20020319	0.0103
20020320	-0.0135
20020321	-0.0099
20020322	-0.0105
20020325	0.0081
20020326	-0.0065
20020327	-0.0038
20020328	-0.0052
20020329	0.0000
20020401	0.0000
20020402	0.0267
20020403	0.0013
20020404	-0.0262
20020405	0.0068
20020408	-0.0186
20020409	0.0008
20020410	0.0194
20020411	-0.0180
20020412	0.0232
20020415	0.0113
20020416	0.0029
20020417	-0.0024
20020418	0.0027
20020419	-0.0003
20020422	0.0021
20020423	-0.0277
20020424	0.0049
20020425	-0.0415
20020426	-0.0140
20020429	-0.0380
20020430	0.0186
20020501	0.0000
20020502	0.0032
20020503	-0.0170
20020506	-0.0089
20020507	0.0216
20020508	0.0134
20020509	-0.0093
20020510	-0.0185
20020513	0.0156
20020514	0.0035
20020515	-0.0050
20020516	-0.0032
20020517	-0.0053
20020520	-0.0227
20020521	0.0141
20020522	-0.0084
20020523	0.0069
20020524	-0.0153
20020527	0.0126
20020528	-0.0084
20020529	0.0063
20020530	-0.0366
20020531	0.0176
20020603	-0.0089
20020604	-0.0316
20020605	-0.0025
20020606	0.0089
20020607	0.0166
20020610	-0.0220
20020611	0.0057
20020612	-0.0240
20020613	-0.0013
20020614	-0.0353
20020617	0.0488
20020618	-0.0158
20020619	-0.0257
20020620	-0.0158
20020621	0.0191
20020624	-0.0198
20020625	-0.0027
20020626	-0.0127
20020627	0.0288
20020628	0.0202
20020701	0.0029
20020702	-0.0218
20020703	-0.0336
20020704	0.0147
20020705	0.0626
20020708	-0.0096
20020709	-0.0150
20020710	-0.0377
20020711	-0.0085
20020712	-0.0194
20020715	-0.0352
20020716	0.0033
20020717	0.0253
20020718	-0.0117
20020719	-0.0602
20020722	-0.0532
20020723	-0.0507
20020724	-0.0178
20020725	-0.0490
20020726	0.0418
20020729	0.0987
20020730	0.0051
20020731	-0.0837
20020801	-0.0595
20020802	-0.0022
20020805	-0.0808
20020806	0.0461
20020807	-0.0723
20020808	0.1011
20020809	0.0781
20020812	-0.0448
20020813	-0.0013
20020814	-0.0429
20020815	0.0301
20020816	-0.0044
20020819	0.0457
20020820	-0.0497
20020821	0.0203
20020822	0.0242
20020823	-0.0081
20020826	-0.0065
20020827	0.0189
20020828	-0.0448
20020829	-0.0148
20020830	0.0285
20020902	-0.0371
20020903	-0.0821
20020904	0.0049
20020905	-0.0124
20020906	0.0338
20020909	-0.0363
20020910	0.0208
20020911	0.0122
20020912	-0.0259
20020913	-0.0266
20020916	0.0246
20020917	0.0303
20020918	-0.0688
20020919	-0.0557
20020920	0.0157
20020923	-0.0564
20020924	-0.0189
20020925	0.0336
20020926	0.0433
20020927	-0.0146
20020930	-0.1128
20021001	0.0836
20021002	0.0123
20021003	-0.0022
20021004	-0.0247
20021007	-0.0242
20021008	-0.0302
20021009	-0.0066
20021010	0.0524
20021011	0.0547
20021014	-0.0309
20021015	0.0899
20021016	-0.0077
20021017	0.0380
20021018	0.0079
20021021	-0.0382
20021022	-0.0585
20021023	-0.0732
20021024	0.0294
20021025	-0.0177
20021028	0.0155
20021029	-0.0143
20021030	0.0473
20021031	-0.0088
20021101	-0.0168
20021104	0.0479
20021105	0.0059
20021106	0.0264
20021107	-0.0486
20021108	-0.0011
20021111	0.0087
20021112	0.0661
20021113	-0.0185
20021114	0.0641
20021115	0.0192
20021118	0.0397
20021119	-0.0014
20021120	-0.0199
20021121	0.0190
20021122	0.0091
20021125	-0.0128
20021126	-0.0389
20021127	0.0626
20021128	-0.0177
20021129	-0.0115
20021202	0.0247
20021203	-0.0238
20021204	0.0115
20021205	-0.0415
20021206	0.0095
20021209	-0.0287
20021210	0.0316
20021211	0.0117
20021212	-0.0193
20021213	-0.0426
20021216	0.0483
20021217	-0.0205
20021218	-0.0268
20021219	-0.0403
20021220	0.0472
20021223	-0.0274
20021224	0.0000
20021225	0.0000
20021226	0.0000
20021227	-0.0754
20021230	0.0452
20021231	0.0000
20030101	0.0000
20030102	0.0527
20030103	0.0020
20030106	0.0372
20030107	-0.0163
20030108	-0.0358
20030109	-0.0040
20030110	-0.0065
20030113	-0.0142
20030114	0.0097
20030115	-0.0153
20030116	0.0031
20030117	-0.0527
20030120	-0.0153
20030121	-0.0324
20030122	-0.0489
20030123	0.0207
20030124	-0.0559
20030127	-0.0436
20030128	0.0032
20030129	-0.0084
20030130	-0.0072
20030131	0.0065
20030203	-0.0117
20030204	-0.0388
20030205	0.0183
20030206	-0.0383
20030207	-0.0126
20030210	0.0077
20030211	0.0425
20030212	-0.0348
20030213	-0.0196
20030214	0.0409
20030217	0.0587
20030218	0.0045
20030219	-0.0551
20030220	-0.0191
20030221	0.0231
20030224	-0.1025
20030225	-0.1490
20030226	-0.0550
20030227	0.0713
20030228	-0.0215
20030303	0.0112
20030304	-0.0043
20030305	-0.0262
20030306	0.0097
20030307	-0.0132
20030310	-0.0252
20030311	-0.0101
20030312	-0.0915
20030313	0.0278
20030314	-0.0492
20030317	-0.0041
20030318	0.3300
20030319	-0.0621
20030320	0.0024
20030321	0.0402
20030324	-0.0756
20030325	0.0186
20030326	-0.0081
20030327	-0.0049
20030328	-0.0057
20030331	-0.0400
20030401	-0.0017
20030402	0.0739
20030403	-0.0032
20030404	0.0534
20030407	0.0485
20030408	-0.0065
20030409	0.0065
20030410	0.0014
20030411	0.0380
20030414	0.0386
20030415	0.0106
20030416	-0.0186
20030417	0.0179
20030418	0.0000
20030421	0.0000
20030422	0.0323
20030423	0.0139
20030424	-0.0267
20030425	0.0147
20030428	-0.0218
20030429	-0.0310
20030430	0.0290
20030501	0.0000
20030502	0.0019
20030505	-0.0046
20030506	0.0123
20030507	0.0521
20030508	-0.0185
20030509	-0.0031
20030512	-0.0006
20030513	-0.0253
20030514	0.0463
20030515	0.0542
20030516	-0.0064
20030519	-0.0626
20030520	0.0019
20030521	-0.0163
20030522	0.0144
20030523	-0.0188
20030526	-0.0115
20030527	-0.0038
20030528	0.0298
20030529	-0.0107
20030530	0.0292
20030602	0.0467
20030603	-0.0088
20030604	0.0273
20030605	-0.0162
20030606	0.0327
20030609	-0.0223
20030610	0.0279
20030611	0.0244
20030612	0.0163
20030613	-0.0373
20030616	0.0480
20030617	0.0169
20030618	0.0151
20030619	-0.0172
20030620	-0.0218
20030623	0.0244
20030624	-0.0233
20030625	0.0175
20030626	0.0084
20030627	0.0000
20030630	-0.0084
20030701	-0.0409
20030702	0.0174
20030703	-0.0032
20030704	-0.0038
20030707	0.0631
20030708	-0.0072
20030709	-0.0239
20030710	-0.0159
20030711	0.0149
20030714	0.0250
20030715	-0.0108
20030716	-0.0162
20030717	-0.0117
20030718	0.0133
20030721	-0.0149
20030722	-0.0173
20030723	-0.0142
20030724	0.0245
20030725	-0.0190
20030728	0.0329
20030729	-0.0021
20030730	0.0200
20030731	0.0394
20030801	-0.0106
20030804	0.0030
20030805	0.0111
20030806	-0.0672
20030807	-0.0454
20030808	0.0017
20030811	0.0061
20030812	0.0055
20030813	-0.0161
20030814	0.0123
20030815	0.0050
20030818	0.0283
20030819	-0.0206
20030820	0.0233
20030821	0.0069
20030822	-0.0032
20030825	-0.0129
20030826	-0.0065
20030827	0.0092
20030828	-0.0005
20030829	-0.0146
20030901	0.0232
20030902	-0.0151
20030903	0.0362
20030904	0.0000
20030905	-0.0174
20030908	0.0179
20030909	-0.0063
20030910	-0.0191
20030911	-0.0005
20030912	-0.0097
20030915	0.0086
20030916	0.0101
20030917	-0.0134
20030918	0.0545
20030919	-0.0123
20030922	-0.0309
20030923	-0.0112
20030924	-0.0513
20030925	0.0062
20030926	0.0134
20030929	-0.0106
20030930	-0.0210
20031001	0.0097
20031002	-0.0412
20031003	0.0383
20031006	-0.0011
20031007	-0.0196
20031008	0.0104
20031009	0.0177
20031010	-0.0091
20031013	0.0292
20031014	0.0022
20031015	0.0033
20031016	0.0033
20031017	-0.0083
20031020	0.0088
20031021	0.0147
20031022	-0.0403
20031023	0.0151
20031024	-0.0022
20031027	0.0220
20031028	0.0226
20031029	0.0095
20031030	0.0079
20031031	0.0156
20031103	0.0026
20031104	0.0036
20031105	0.0000
20031106	0.0122
20031107	0.0669
20031110	-0.0095
20031111	0.0175
20031112	-0.0184
20031113	0.0033
20031114	0.0076
20031117	-0.0302
20031118	-0.0078
20031119	-0.0064
20031120	0.0132
20031121	-0.0015
20031124	0.0345
20031125	-0.0047
20031126	-0.0028
20031127	0.0141
20031128	-0.0075
20031201	0.0261
20031202	-0.0074
20031203	0.0260
20031204	-0.0095
20031205	-0.0198
20031208	-0.0093
20031209	-0.0033
20031210	-0.0147
20031211	-0.0072
20031212	0.0062
20031215	0.0062
20031216	-0.0019
20031217	0.0099
20031218	0.0182
20031219	0.0005
20031222	-0.0088
20031223	0.0088
20031224	0.0000
20031225	0.0000
20031226	0.0000
20031229	0.0087
20031230	0.0009
20031231	0.0000
20040101	0.0000
20040102	0.0222
20040105	0.0085
20040106	0.0049
20040107	-0.0111
20040108	0.0269
20040109	-0.0061
20040112	0.0048
20040113	-0.0009
20040114	0.0052
20040115	0.0082
20040116	0.0047
20040119	0.0191
20040120	0.0029
20040121	-0.0131
20040122	-0.0197
20040123	-0.0035
20040126	-0.0153
20040127	0.0057
20040128	0.0213
20040129	-0.0182
20040130	0.0022
20040202	-0.0026
20040203	-0.0079
20040204	-0.0182
20040205	-0.0081
20040206	-0.0105
20040209	0.0150
20040210	0.0090
20040211	0.0071
20040212	-0.0031
20040213	-0.0198
20040216	-0.0005
20040217	0.0086
20040218	-0.0109
20040219	0.0050
20040220	-0.0289
20040223	0.0079
20040224	-0.0201
20040225	0.0005
20040226	0.0038
20040227	0.0066
20040301	0.0203
20040302	0.0077
20040303	0.0014
20040304	0.0063
20040305	-0.0063
20040308	0.0063
20040309	-0.0086
20040310	-0.0105
20040311	-0.0615
20040312	-0.0044
20040315	-0.0359
20040316	0.0005
20040317	0.0246
20040318	-0.0513
20040319	-0.0200
20040322	-0.0253
20040323	0.0114
20040324	-0.0092
20040325	0.0189
20040326	0.0127
20040329	0.0121
20040330	-0.0100
20040331	-0.0197
20040401	0.0133
20040402	0.0282
20040405	0.0138
20040406	0.0096
20040407	0.0075
20040408	-0.0110
20040409	0.0000
20040412	0.0000
20040413	0.0274
20040414	-0.0054
20040415	0.0005
20040416	0.0074
20040419	0.0020
20040420	-0.0005
20040421	-0.0093
20040422	-0.0005
20040423	0.0201
20040426	0.0159
20040427	0.0142
20040428	-0.0175
20040429	0.0213
20040430	0.0009
20040503	-0.0237
20040504	-0.0159
20040505	0.0259
20040506	-0.0255
20040507	-0.0024
20040510	-0.0352
20040511	0.0005
20040512	0.0015
20040513	0.0244
20040514	0.0059
20040517	-0.0193
20040518	0.0338
20040519	0.0392
20040520	-0.0178
20040521	-0.0119
20040524	0.0189
20040525	-0.0146
20040526	0.0253
20040527	0.0283
20040528	-0.0109
20040531	0.0023
20040601	-0.0091
20040602	0.0204
20040603	0.0031
20040604	0.0000
20040607	-0.0022
20040608	-0.0063
20040609	-0.0233
20040610	0.0051
20040611	0.0055
20040614	-0.0302
20040615	0.0182
20040616	0.0028
20040617	-0.0060
20040618	-0.0009
20040621	0.0019
20040622	-0.0145
20040623	0.0005
20040624	0.0356
20040625	0.0000
20040628	0.0077
20040629	0.0018
20040630	0.0027
20040701	-0.0009
20040702	-0.0113
20040705	-0.0064
20040706	-0.0096
20040707	-0.0079
20040708	0.0051
20040709	-0.0032
20040712	-0.0112
20040713	-0.0024
20040714	0.0000
20040715	-0.0137
20040716	-0.0019
20040719	-0.0159
20040720	0.0087
20040721	0.0110
20040722	-0.0280
20040723	-0.0074
20040726	-0.0129
20040727	0.0040
20040728	-0.0040
20040729	0.0247
20040730	0.0169
20040802	-0.0087
20040803	0.0048
20040804	-0.0058
20040805	-0.0058
20040806	-0.0271
20040809	-0.0121
20040810	0.0000
20040811	-0.0143
20040812	-0.0161
20040813	-0.0254
20040816	0.0149
20040817	0.0000
20040818	0.0131
20040819	0.0124
20040820	0.0041
20040823	0.0147
20040824	0.0000
20040825	-0.0030
20040826	0.0136
20040827	0.0104
20040830	0.0000
20040831	-0.0260
20040901	-0.0005
20040902	-0.0036
20040903	0.0056
20040906	0.0146
20040907	-0.0010
20040908	-0.0055
20040909	-0.0121
20040910	0.0066
20040913	0.0299
20040914	0.0073
20040915	-0.0029
20040916	-0.0020
20040917	0.0092
20040920	-0.0073
20040921	0.0150
20040922	-0.0087
20040923	-0.0078
20040924	0.0054
20040927	-0.0068
20040928	0.0083
20040929	0.0145
20040930	-0.0091
20041001	0.0318
20041004	0.0065
20041005	0.0106
20041006	0.0014
20041007	-0.0064
20041008	-0.0116
20041011	-0.0052
20041012	-0.0104
20041013	0.0071
20041014	-0.0166
20041015	-0.0067
20041018	0.0029
20041019	0.0134
20041020	-0.0129
20041021	0.0072
20041022	0.0076
20041025	-0.0274
20041026	-0.0044
20041027	0.0126
20041028	0.0130
20041029	-0.0038
20041101	0.0147
20041102	0.0136
20041103	0.0037
20041104	0.0042
20041105	0.0083
20041108	-0.0032
20041109	-0.0009
20041110	0.0055
20041111	0.0284
20041112	0.0053
20041115	-0.0018
20041116	-0.0058
20041117	0.0177
20041118	0.0048
20041119	-0.0145
20041122	-0.0049
20041123	-0.0085
20041124	-0.0031
20041125	0.0231
20041126	-0.0048
20041129	-0.0066
20041130	-0.0045
20041201	0.0234
20041202	0.0056
20041203	-0.0061
20041206	0.0035
20041207	0.0000
20041208	0.0009
20041209	-0.0113
20041210	0.0061
20041213	0.0160
20041214	0.0136
20041215	0.0076
20041216	0.0054
20041217	-0.0194
20041220	0.0102
20041221	-0.0021
20041222	0.0055
20041223	-0.0013
20041224	0.0000
20041227	-0.0097
20041228	0.0004
20041229	-0.0051
20041230	0.0017
20041231	0.0000
20050103	0.0064
20050104	-0.0141
20050105	-0.0261
20050106	0.0004
20050107	-0.0026
20050110	0.0031
20050111	-0.0093
20050112	-0.0166
20050113	0.0032
20050114	0.0094
20050117	0.0247
20050118	0.0052
20050119	-0.0030
20050120	-0.0017
20050121	0.0215
20050124	-0.0030
20050125	0.0030
20050126	0.0000
20050127	-0.0094
20050128	0.0090
20050131	0.0393
20050201	0.0142
20050202	-0.0065
20050203	-0.0045
20050204	0.0254
20050207	0.0131
20050208	-0.0016
20050209	0.0086
20050210	0.0170
20050211	0.0115
20050214	0.0042
20050215	-0.0053
20050216	-0.0111
20050217	0.0149
20050218	0.0124
20050221	0.0015
20050222	-0.0147
20050223	-0.0153
20050224	0.0122
20050225	0.0106
20050228	-0.0075
20050301	0.0057
20050302	0.0101
20050303	-0.0120
20050304	0.0056
20050307	0.0026
20050308	-0.0120
20050309	-0.0176
20050310	0.0019
20050311	0.0153
20050314	-0.0061
20050315	-0.0192
20050316	-0.0153
20050317	0.0090
20050318	0.0043
20050321	-0.0102
20050322	0.0090
20050323	-0.0122
20050324	0.0071
20050325	0.0000
20050328	0.0000
20050329	-0.0055
20050330	0.0047
20050331	-0.0012
20050401	0.0129
20050404	-0.0058
20050405	0.0039
20050406	0.0181
20050407	0.0072
20050408	0.0023
20050411	-0.0026
20050412	-0.0019
20050413	0.0030
20050414	-0.0164
20050415	-0.0120
20050418	-0.0284
20050419	0.0092
20050420	-0.0104
20050421	-0.0060
20050422	0.0028
20050425	0.0008
20050426	0.0108
20050427	-0.0120
20050428	0.0012
20050429	0.0191
20050502	0.0000
20050503	0.0082
20050504	-0.0031
20050505	0.0063
20050506	0.0139
20050509	0.0107
20050510	-0.0027
20050511	0.0023
20050512	0.0098
20050513	-0.0106
20050516	-0.0123
20050517	-0.0019
20050518	0.0259
20050519	0.0131
20050520	0.0078
20050523	0.0004
20050524	0.0059
20050525	-0.0055
20050526	0.0026
20050527	0.0018
20050530	0.0026
20050531	-0.0018
20050601	0.0225
20050602	0.0011
20050603	-0.0032
20050606	0.0004
20050607	0.0089
20050608	-0.0057
20050609	0.0146
20050610	0.0077
20050613	0.0014
20050614	-0.0095
20050615	-0.0103
20050616	0.0043
20050617	-0.0050
20050620	0.0064
20050621	0.0088
20050622	-0.0004
20050623	-0.0004
20050624	-0.0253
20050627	-0.0120
20050628	0.0109
20050629	0.0029
20050630	-0.0072
20050701	0.0097
20050704	-0.0065
20050705	-0.0029
20050706	-0.0065
20050707	-0.0236
20050708	0.0130
20050711	0.0208
20050712	0.0097
20050713	0.0078
20050714	-0.0018
20050715	0.0014
20050718	0.0148
20050719	0.0070
20050720	0.0076
20050721	0.0110
20050722	0.0065
20050725	0.0027
20050726	-0.0088
20050727	-0.0034
20050728	0.0112
20050729	-0.0034
20050801	-0.0014
20050802	0.0111
20050803	0.0127
20050804	-0.0003
20050805	-0.0073
20050808	0.0030
20050809	0.0142
20050810	-0.0116
20050811	-0.0057
20050812	-0.0084
20050815	-0.0105
20050816	-0.0179
20050817	-0.0077
20050818	-0.0024
20050819	0.0136
20050822	0.0045
20050823	0.0079
20050824	-0.0093
20050825	-0.0111
20050826	-0.0144
20050829	0.0049
20050830	-0.0071
20050831	0.0130
20050901	0.0031
20050902	0.0128
20050905	0.0150
20050906	0.0064
20050907	0.0282
20050908	0.0000
20050909	0.0094
20050912	-0.0010
20050913	-0.0296
20050914	0.0030
20050915	-0.0017
20050916	0.0260
20050919	-0.0124
20050920	0.0072
20050921	-0.0242
20050922	-0.0162
20050923	-0.0048
20050926	0.0376
20050927	-0.0139
20050928	0.0208
20050929	-0.0105
20050930	0.0082
20051003	0.0069
20051004	0.0171
20051005	-0.0286
20051006	-0.0076
20051007	-0.0023
20051010	0.0010
20051011	0.0060
20051012	-0.0167
20051013	-0.0020
20051014	-0.0044
20051017	-0.0010
20051018	-0.0054
20051019	-0.0196
20051020	0.0010
20051021	-0.0098
20051024	0.0232
20051025	-0.0211
20051026	-0.0053
20051027	-0.0217
20051028	0.0107
20051031	0.0284
20051101	-0.0038
20051102	0.0041
20051103	0.0151
20051104	-0.0044
20051107	0.0112
20051108	-0.0092
20051109	0.0446
20051110	0.0065
20051111	0.0312
20051114	0.0180
20051115	0.0015
20051116	0.0000
20051117	0.0147
20051118	0.0088
20051121	0.0164
20051122	0.0038
20051123	-0.0136
20051124	-0.0012
20051125	0.0018
20051128	-0.0021
20051129	0.0074
20051130	0.0050
20051201	0.0213
20051202	0.0118
20051205	-0.0086
20051206	-0.0038
20051207	-0.0152
20051208	0.0088
20051209	-0.0085
20051212	-0.0053
20051213	-0.0044
20051214	0.0130
20051215	0.0000
20051216	0.0093
20051219	-0.0073
20051220	0.0061
20051221	0.0272
20051222	0.0000
20051223	0.0073
20051226	0.0000
20051227	0.0073
20051228	-0.0036
20051229	-0.0003
20051230	-0.0138
20060102	0.0093
20060103	0.0184
20060104	0.0025
20060105	-0.0069
20060106	-0.0017
20060109	-0.0003
20060110	-0.0098
20060111	-0.0048
20060112	0.0025
20060113	-0.0079
20060116	0.0068
20060117	-0.0156
20060118	-0.0086
20060119	-0.0043
20060120	-0.0046
20060123	-0.0070
20060124	0.0006
20060125	-0.0032
20060126	-0.0142
20060127	0.0319
20060130	-0.0139
20060131	0.0044
20060201	0.0101
20060202	-0.0212
20060203	-0.0092
20060206	0.0036
20060207	0.0018
20060208	-0.0107
20060209	0.0227
20060210	-0.0003
20060213	0.0087
20060214	0.0098
20060215	0.0009
20060216	0.0040
20060217	-0.0040
20060220	-0.0078
20060221	-0.0099
20060222	0.0096
20060223	-0.0072
20060224	0.0009
20060227	0.0072
20060228	-0.0260
20060301	0.0085
20060302	0.0079
20060303	-0.0161
20060306	-0.0420
20060307	0.0012
20060308	-0.0234
20060309	0.0252
20060310	0.0052
20060313	0.0152
20060314	0.0120
20060315	-0.0036
20060316	-0.0141
20060317	0.0003
20060320	0.0042
20060321	-0.0051
20060322	0.0234
20060323	0.0292
20060324	0.0191
20060327	-0.0182
20060328	-0.0203
20060329	-0.0395
20060330	0.0100
20060331	-0.0009
20060403	0.0102
20060404	-0.0036
20060405	0.0072
20060406	0.0051
20060407	-0.0077
20060410	0.0148
20060411	-0.0154
20060412	-0.0042
20060413	0.0090
20060414	0.0000
20060417	0.0000
20060418	-0.0078
20060419	0.0113
20060420	0.0185
20060421	0.0196
20060424	0.0080
20060425	-0.0048
20060426	0.0113
20060427	0.0343
20060428	-0.0038
20060501	0.0000
20060502	-0.0179
20060503	-0.0168
20060504	0.0112
20060505	0.0020
20060508	-0.0003
20060509	0.0194
20060510	0.0025
20060511	0.0000
20060512	-0.0036
20060515	-0.0269
20060516	-0.0073
20060517	-0.0320
20060518	0.0006
20060519	-0.0130
20060522	-0.0170
20060523	0.0402
20060524	-0.0158
20060525	0.0304
20060526	0.0312
20060529	-0.0086
20060530	-0.0175
20060531	-0.0046
20060601	-0.0054
20060602	-0.0092
20060605	-0.0081
20060606	-0.0064
20060607	0.0163
20060608	-0.0293
20060609	-0.0147
20060612	-0.0251
20060613	-0.0548
20060614	0.0665
20060615	0.0197
20060616	-0.0036
20060619	-0.0094
20060620	-0.0046
20060621	0.0112
20060622	0.0120
20060623	-0.0105
20060626	-0.0039
20060627	-0.0079
20060628	0.0169
20060629	0.0313
20060630	0.0444
20060703	0.0108
20060704	0.0041
20060705	-0.0222
20060706	-0.0101
20060707	0.0276
20060710	0.0096
20060711	0.0052
20060712	0.0041
20060713	-0.0150
20060714	-0.0144
20060717	-0.0022
20060718	0.0042
20060719	0.0287
20060720	0.0187
20060721	-0.0077
20060724	0.0248
20060725	0.0132
20060726	-0.0023
20060727	-0.0135
20060728	0.0207
20060731	-0.0136
20060801	-0.0186
20060802	0.0066
20060803	-0.0076
20060804	0.0089
20060807	-0.0252
20060808	0.0099
20060809	0.0127
20060810	0.0102
20060811	0.0078
20060814	0.0136
20060815	0.0197
20060816	-0.0065
20060817	-0.0035
20060818	-0.0023
20060821	-0.0102
20060822	0.0010
20060823	-0.0046
20060824	0.0061
20060825	-0.0028
20060828	0.0097
20060829	-0.0071
20060830	-0.0092
20060831	-0.0059
20060901	-0.0070
20060904	0.0000
20060905	-0.0078
20060906	-0.0053
20060907	-0.0018
20060908	0.0074
20060911	0.0120
20060912	0.0126
20060913	-0.0067
20060914	0.0013
20060915	0.0143
20060918	-0.0153
20060919	0.0074
20060920	-0.0064
20060921	0.0074
20060922	-0.0183
20060925	0.0178
20060926	0.0046
20060927	-0.0082
20060928	0.0191
20060929	0.0118
20061002	0.0082
20061003	-0.0074
20061004	0.0126
20061005	-0.0029
20061006	-0.0144
20061009	0.0119
20061010	-0.0030
20061011	-0.0027
20061012	-0.0077
20061013	0.0015
20061016	-0.0038
20061017	-0.0073
20061018	0.0140
20061019	-0.0022
20061020	0.0062
20061023	0.0007
20061024	0.0111
20061025	-0.0064
20061026	-0.0032
20061027	-0.0197
20061030	-0.0107
20061031	0.0064
20061101	0.0181
20061102	-0.0138
20061103	0.0035
20061106	0.0145
20061107	-0.0050
20061108	0.0037
20061109	0.0040
20061110	-0.0007
20061113	-0.0057
20061114	-0.0002
20061115	0.0020
20061116	-0.0040
20061117	-0.0050
20061120	0.0020
20061121	-0.0005
20061122	-0.0050
20061123	0.0083
20061124	-0.0276
20061127	0.0201
20061128	-0.0086
20061129	0.0108
20061130	-0.0241
20061201	-0.0026
20061204	0.0110
20061205	0.0106
20061206	-0.0086
20061207	0.0018
20061208	0.0076
20061211	-0.0035
20061212	0.0106
20061213	0.0151
20061214	-0.0025
20061215	-0.0020
20061218	0.0094
20061219	-0.0141
20061220	0.0119
20061221	0.0017
20061222	-0.0126
20061225	0.0000
20061226	0.0000
20061227	0.0160
20061228	-0.0020
20061229	-0.0044
