   3.6065456e+00
   5.9699573e-01
   2.9312251e+00
  -1.2914220e+00
   7.3557891e-01
  -1.7196841e+00
  -2.0329473e+00
  -2.4231419e+00
  -3.3485575e+00
  -1.5459833e-01
   7.4476869e-01
  -6.1301789e-01
   2.3011717e+00
  -8.4932782e-01
  -1.6950524e+00
   2.4198434e-01
  -9.5322735e-01
   7.3261047e-01
  -2.2291554e-02
   1.0682143e+00
   4.5034038e-01
  -2.3658888e-01
  -5.1857202e-01
   3.1928857e+00
   6.8593531e-01
   4.2386911e+00
  -7.3040175e-01
  -4.9349830e-01
  -2.5000511e-01
   1.2179029e+00
   1.4962748e+00
   1.0376426e-01
  -1.2416200e+00
  -2.0121001e+00
   3.7804493e-01
  -8.2608811e-01
  -2.5426146e-01
  -1.8361672e+00
  -5.6692951e-01
  -7.7808822e-01
  -1.0825110e+00
  -1.3411668e+00
  -2.0434954e+00
   4.0165366e-01
   9.0269672e-01
  -2.1911515e-01
   9.3291373e-01
  -1.7056615e+00
  -3.5669585e-01
   4.8958137e-01
  -2.8872342e-01
   1.7766093e-01
   1.3777228e+00
   1.3408153e+00
   1.5918331e+00
  -9.2662076e-01
  -1.6653503e+00
  -8.6540728e-02
   2.2007784e+00
  -2.2025198e+00
   1.8903826e+00
  -1.5084901e+00
  -2.2793962e+00
  -6.6677712e-02
  -2.2291554e-02
  -2.2291554e-02
   1.1412571e+00
  -6.7768525e-01
   1.1729888e+00
   1.0829348e+00
   6.6704433e-01
  -1.8856138e-01
   7.6277150e-01
   9.3250434e-01
  -1.2303164e-01
  -3.4598507e-01
  -1.8818161e+00
   2.0860332e-01
   6.2291947e-01
   1.3654283e+00
   7.7694956e-01
  -3.4050715e-01
  -5.2345724e-01
  -6.9135626e-01
   1.2276765e+00
   3.1522848e-01
  -8.1694054e-02
   1.2110517e+00
  -1.2952744e+00
   1.1926230e+00
  -1.4756840e+00
   3.5479226e-01
  -7.7922921e-01
  -2.2291554e-02
  -2.2291554e-02
   2.1794056e-01
  -2.6252367e-01
  -8.1084445e-01
  -1.5943927e+00
   1.3252056e+00
  -2.2291554e-02
  -1.0556967e+00
  -7.5816308e-01
  -1.3738399e+00
  -1.1428807e+00
   4.2005392e-01
   1.0967756e-01
   1.7270920e+00
  -2.2291554e-02
   1.2571499e+00
   1.0845018e+00
  -2.0909622e+00
   1.8024642e+00
  -7.4035327e-01
   8.7881414e-01
   1.8033359e-01
  -3.2652779e-01
  -8.8380079e-01
   2.4590307e-01
  -8.9382685e-01
   3.2613345e+00
   1.5825930e+00
  -1.5290735e+00
  -2.1634201e+00
   1.2091944e+00
   4.5430049e-01
  -9.1953564e-01
   9.8244329e-02
   2.0813843e+00
  -6.8151893e-01
   7.1394234e-01
  -7.5852545e-01
   1.3068861e+00
   8.8260714e-01
   6.6458453e-01
   1.3785540e+00
  -2.4851318e+00
  -1.7310426e-01
   6.9018349e-01
  -2.2291554e-02
   9.0046438e-01
  -5.1853368e-01
   3.2741170e-01
  -2.7722625e+00
  -9.9871540e-01
  -1.3198472e+00
   1.5112928e+00
   3.1024895e-01
   9.0526462e-01
   2.5006415e+00
  -4.8030934e-01
  -1.2513200e+00
   1.7194452e+00
  -2.2373052e+00
  -9.0460303e-01
   8.6001992e-01
  -1.4295808e+00
   1.0989383e+00
   1.9292559e+00
   3.6298867e-01
  -1.8706027e-01
  -7.4241922e-01
   6.0607057e-01
  -1.5103752e-01
   1.0168630e+00
  -3.3003543e-01
   1.4008813e-02
  -4.2300407e-01
   1.0991277e+00
   1.9954827e+00
  -1.0840293e-01
  -3.6817826e-01
  -8.0910104e-01
  -1.7055177e+00
   2.3087389e+00
   4.7983402e-01
   1.3045477e+00
   2.2930950e+00
  -1.3232374e+00
  -9.1930505e-01
   6.2710837e-01
  -1.9782942e+00
   1.2843112e+00
  -2.1778943e+00
  -1.0812338e+00
  -7.4049574e-01
   5.1729460e-01
  -1.4738920e+00
   1.5186950e+00
  -2.3046510e+00
  -6.6092502e-01
  -7.8386453e-01
   1.3092299e-01
  -9.4846325e-01
   4.8144290e-01
   3.9116322e+00
   5.8167807e-01
  -4.6569909e-01
   2.2648493e-01
  -3.2453336e-01
  -5.6000736e-01
  -5.6565771e-01
  -7.5577719e-01
  -1.4072931e+00
   6.7484606e-01
   1.5125141e-02
   8.3090357e-01
   1.4109101e+00
  -1.2718642e+00
   1.0300860e+00
   3.5352158e-01
   1.6444983e+00
  -6.3013918e-01
   2.3673686e+00
  -8.9704021e-01
   5.3455041e-01
  -1.8848342e+00
  -1.3796765e+00
  -4.7077546e-01
  -6.5677645e-01
   2.5058438e-01
   9.1268290e-01
   3.8592303e-01
  -2.4657321e+00
  -2.8603341e+00
  -1.5321761e+00
   8.9684162e-01
   4.1158481e-01
   8.9260674e-01
   1.0848650e+00
  -1.5167898e+00
  -1.0035330e+00
   7.6418551e-01
   1.7247278e-01
  -1.4013032e+00
  -2.6243070e-01
   1.1870034e+00
   2.0140958e+00
  -4.9539522e-01
   1.1245659e+00
   5.1414189e-01
  -5.7732233e-01
  -1.3219342e+00
   1.0910090e+00
   1.6405052e-01
  -2.4987438e+00
   7.5240264e-01
   1.1184136e+00
   5.7539073e+00
  -1.4717975e+00
  -8.9431678e-01
   3.2828518e-01
  -1.9261557e+00
   2.3164773e+00
  -2.2291554e-02
   2.3690633e-01
   4.9223876e-01
   1.1587356e+00
  -2.2291554e-02
  -2.2291554e-02
  -2.6044747e+00
  -2.1521910e+00
  -1.0557852e+00
  -1.9033244e-01
  -1.1588411e-01
   1.9986000e+00
  -2.0277994e-01
  -7.6895171e-01
  -1.4921080e+00
  -4.0112014e-01
   1.2957308e-01
  -5.5578058e-01
   1.0954960e+00
  -2.6953804e+00
  -9.1815387e-01
  -2.0704750e+00
  -3.0775901e+00
   2.4023910e+00
  -4.4701567e-01
   1.5941015e+00
  -3.0436369e+00
   1.2759324e+00
   1.4836824e-01
   2.9167954e+00
  -5.0745418e-01
  -7.5867874e-01
  -2.2871846e-01
  -2.2291554e-02
   1.7066164e+00
  -4.2392363e-01
  -6.3064999e-01
  -7.4120898e-01
   1.2040870e+00
  -8.3663705e-01
   1.9900196e+00
   2.5757739e+00
   3.5174169e-01
  -1.6309625e+00
  -2.2291554e-02
   1.6958203e-01
  -1.7555280e+00
   1.0556489e+00
   4.6035028e-01
  -4.1510982e-02
  -1.7819654e+00
  -4.2159756e-01
  -9.7297896e-01
   8.8829514e-01
  -1.8300612e-01
   9.7407589e-01
   6.6391585e-01
   1.4371258e+00
   6.6144569e+00
   1.1305240e+00
  -2.9712399e+00
   1.1876502e+00
   3.8699429e+00
   2.0448475e+00
  -1.6228722e+00
   5.9330941e-01
  -1.9708970e+00
   9.2220722e-01
   1.8916897e+00
  -7.3366350e-01
  -1.2249009e+00
  -2.2291554e-02
   1.1650754e+00
  -1.1317235e+00
  -1.6037564e+00
  -1.4056436e+00
   1.8405990e+00
  -1.0190646e-01
   5.7323350e-02
  -6.6266965e-01
  -1.9924297e+00
   8.0774024e-01
  -2.2087256e+00
  -1.9437115e-01
  -5.0578030e-03
  -2.2291554e-02
  -2.2291554e-02
   1.1531770e+00
  -3.6026577e-01
  -5.3343117e-01
  -1.0599826e+00
  -2.2291554e-02
   3.1947442e+00
  -1.2683728e+00
   1.2237897e+00
   2.2105983e+00
   5.4062762e-01
   1.8110421e+00
  -1.3141557e+00
   5.8966672e-01
  -1.5659844e+00
  -6.6877190e-01
   1.4017955e+00
  -2.7478298e+00
  -1.7259853e+00
  -4.4441529e-01
  -1.9211066e-01
   4.8550176e-01
   2.3641084e+00
   8.5484370e-01
  -6.7474049e-01
   2.3330301e-01
  -1.8189005e-01
   3.7578486e-01
   8.1162980e-01
   1.1657840e+00
  -1.1635638e+00
  -3.1943060e-01
  -1.5664597e+00
  -2.0035045e-01
   1.1004855e+00
   8.2749416e-01
   1.4547942e+00
   2.8019466e-01
   1.1325209e-01
  -2.4392964e+00
   5.8873963e-01
  -4.1314655e-01
  -6.6975907e-01
  -4.6916976e-01
  -9.2780336e-01
  -3.3315708e-01
  -7.1617243e-01
   5.7303173e-01
   2.3398873e+00
  -2.0566730e+00
   1.1408661e+00
   1.5199918e+00
   1.4798508e-01
   4.0334243e+00
  -2.4952392e+00
   2.2654012e-02
   2.1622348e+00
   2.2113490e+00
   2.3828121e-01
  -1.9312386e+00
  -8.8104149e-01
   9.3572321e-01
  -1.0236205e+00
   3.0343726e+00
  -1.3880578e+00
   6.8578862e-01
  -1.1092003e+00
   5.1008244e-01
  -3.1582046e-01
  -6.4276104e-01
   7.5213895e-01
  -1.1526069e+00
  -1.2509556e+00
   1.3490205e+00
   1.1996402e-01
   4.0214205e-01
  -1.6338269e-01
   1.0958033e+00
  -2.9955694e-01
   7.3663945e-01
  -9.2041475e-01
  -6.5333509e-01
   1.1632867e+00
  -2.2291554e-02
  -1.4908247e+00
  -1.7857923e-01
   9.0842663e-01
  -3.0256254e-01
   6.0619536e-01
   1.1634089e-01
   4.7373019e-01
   5.7756603e-01
  -2.6639615e+00
   4.1803688e-01
  -4.0559228e-01
   9.7962294e-01
   2.5646853e-01
  -5.1111234e-01
   1.5259410e+00
  -8.6747352e-03
  -6.6619017e-01
   6.0799024e-01
  -1.8519391e+00
   9.1448175e-01
  -8.3223857e-01
   1.6035456e-01
   1.4978836e+00
  -2.6194994e+00
   2.0548020e+00
  -4.2277059e-01
  -5.0979563e-01
   8.7944600e-01
  -1.3455793e+00
   1.7801116e+00
   1.0564411e+00
   1.2301438e+00
  -2.2291554e-02
   1.8954760e+00
   4.6489286e-01
  -2.8194820e+00
  -4.0430482e-01
   1.6248102e-01
   1.6182313e-01
  -5.5008251e-01
  -1.5704054e+00
   4.6733739e-01
  -4.4363860e-01
  -1.5457241e+00
   1.3097240e+00
  -1.1999282e+00
   6.3218437e-01
  -2.1637709e-01
   4.0649410e-01
   1.8391583e-01
   7.1331964e-01
  -3.2072290e-01
   1.3338025e+00
   6.0993073e-01
  -8.1378461e-01
   1.4196487e+00
   2.9392478e-02
  -7.8991978e-01
  -6.6859091e-01
   1.6319114e-01
  -4.8725177e-01
  -6.8034060e-01
   1.7055184e+00
   5.4966860e-01
  -1.3314721e+00
  -1.2974860e+00
  -1.6092433e+00
  -6.5677645e-01
  -2.1509278e+00
   1.1058185e-01
  -1.8473880e-01
   8.1400490e-01
   1.5119832e+00
  -2.3465272e-01
  -3.3926826e+00
  -1.1241713e+00
  -1.2431019e+00
   1.9966685e+00
   6.7363880e-01
  -9.4719588e-01
   2.2377094e+00
   4.1518881e-01
  -2.1141212e-01
  -9.4872664e-01
  -3.6469298e-01
  -1.1243098e+00
   4.3343881e-01
   2.0674302e+00
  -1.9459134e+00
  -1.2426401e+00
  -8.1557028e-01
  -2.2291554e-02
  -2.2291554e-02
   4.4927275e+00
  -2.9779457e+00
   1.3286963e+00
  -2.2291554e-02
  -1.0397640e+00
   4.4404062e-01
   1.0301744e+00
   3.4532843e+00
  -2.9741788e-01
  -5.9091863e-01
  -1.5507734e+00
  -1.7010939e+00
  -9.6534023e-02
   1.1093893e+00
  -9.0198167e-01
   2.1920135e+00
  -8.1264069e-03
   6.6708980e-01
   2.0326757e+00
   7.9058489e-01
  -9.0236732e-01
  -8.3556971e-01
   3.4526732e-01
  -4.5820453e-01
  -1.8671099e-01
   5.9983515e-02
   1.1294235e+00
  -8.8707045e-01
  -2.2291554e-02
   1.2562219e+00
   1.7572153e-02
  -3.2870158e-01
  -2.9021894e-01
   7.2443435e-01
  -9.9785235e-01
   8.3398460e-01
   1.3008197e+00
  -1.8387069e+00
   1.2349521e+00
   3.5548724e-01
   1.8496271e-01
  -1.0933603e+00
   4.0977652e-03
  -1.8345036e+00
   2.5022486e-01
  -5.6876819e-01
   1.0783937e+00
   4.3283320e-01
   2.4356955e-01
  -1.7890544e+00
   1.2840628e-01
   1.5805128e+00
   3.4772699e-01
  -1.0865920e+00
  -7.9419606e-01
  -3.7265220e+00
  -3.6050605e-01
   1.5444415e-01
  -1.9902726e-01
  -6.1581165e-01
  -1.1233454e+00
  -2.9385040e+00
   1.5503307e+00
   8.3115404e-01
   2.5738746e+00
   3.2779071e-01
   8.8555448e-01
  -2.4047134e+00
   2.9087661e-01
  -1.8379211e+00
   8.7836069e-01
   9.2241265e-01
  -3.2033198e-01
   1.2909987e+00
  -4.1719278e-01
   8.2232663e-01
   1.0639701e+00
  -2.2291554e-02
  -2.2291554e-02
   1.0484656e-01
   3.4325011e-01
   6.5966791e-01
   8.1430065e-01
  -9.5575762e-01
   1.9886835e-01
   4.0353260e-01
   2.5058438e-01
  -1.1086444e+00
   2.4107520e-01
  -2.2291554e-02
   2.5401298e+00
  -6.1779812e-02
   2.1418692e-01
  -5.8901685e-01
   1.7449606e-02
   5.3090133e-01
   2.4713118e+00
  -1.2476713e+00
  -2.1440275e-01
   1.0586185e-01
   8.2823979e-01
  -8.7282290e-01
   1.3543622e+00
  -5.1065575e-01
  -9.1058111e-01
  -3.3039497e-01
   2.9860975e-01
  -4.9793573e-01
   5.5137764e-02
  -1.1697084e+00
  -1.4108901e-01
   1.2439228e+00
  -5.4069059e-01
   2.3755759e-01
   3.2644625e-01
   3.4475554e-03
   1.0473425e+00
  -9.5058909e-01
  -4.0866847e-01
  -6.0732461e-01
   1.9949958e-01
  -1.1808096e+00
  -1.7001007e+00
   3.3404609e-01
   3.2312327e-02
   3.1768252e-01
   2.4808747e-01
   3.4049193e-01
  -3.9856046e-01
  -7.5577719e-01
   1.1276156e+00
   1.7800516e-01
   3.7598926e-01
   5.8250915e-01
  -3.5364458e-02
   6.1442554e-01
   2.0964944e-01
  -3.7059436e-01
  -2.2291554e-02
  -2.8181466e-01
   6.2409024e-01
  -6.0367036e-01
   1.3338304e-01
  -2.4296913e-01
  -2.4391494e-01
  -1.0781704e+00
  -6.2309514e-02
   6.6700685e-01
  -1.1454826e-01
  -3.9297322e-01
   8.3417893e-01
   4.9780205e-01
  -3.5230343e-02
  -3.5233582e-02
   5.5691653e-01
  -2.2291554e-02
  -8.6328554e-02
  -4.0818790e-01
   4.2764179e-01
  -5.3682187e-01
  -1.2784635e+00
  -5.4145796e-01
  -4.6569448e-01
   3.5417302e-01
   2.1828207e-01
  -9.7779065e-01
  -2.7125640e+00
  -1.7536319e+00
   2.7277270e-01
  -2.4343175e-01
   6.6747713e-01
   7.3028631e-01
   8.1853787e-01
  -4.9089993e-01
  -1.4248261e+00
   8.0205745e-02
  -9.5483174e-02
   5.0900065e-02
  -2.4217794e-01
   2.5286155e+00
   5.6672841e-03
  -2.0429481e-01
  -1.2570857e+00
  -1.6269579e+00
  -2.7605126e+00
  -2.4695118e+00
  -8.8111464e-01
  -5.9258211e+00
   5.7165462e-01
  -4.2989565e-01
  -2.2068717e+00
  -5.1159605e+00
   2.7295479e+00
   3.6980389e+00
  -1.9861935e+00
  -4.9543130e-01
   1.4228669e+00
   2.2017264e+00
   2.3533823e-01
   2.4682892e+00
   1.9344388e+00
   1.1599853e+00
  -3.0292043e-01
   1.2206368e+00
  -2.4901856e-01
   8.1487283e-01
   2.7297924e+00
  -1.6059196e+00
  -3.7906795e-02
   3.5117889e-01
   3.3310414e-01
  -3.0021927e-01
  -3.7960919e-01
   1.6043251e+00
   8.4655058e-01
   7.5908415e-01
  -1.8844354e+00
   6.7079984e-01
  -1.0807177e+00
  -1.7147939e+00
   4.1779511e-01
   1.5651127e+00
   2.5018497e-01
   1.9040868e+00
  -1.0803309e+00
   3.2425603e+00
   3.8033801e-01
  -8.4635370e-03
  -9.9929523e-01
   1.9949669e+00
  -1.7156566e-01
   8.8031344e-01
   1.5103033e-01
   8.3570939e-01
  -9.2023832e-01
  -3.2957240e-01
  -3.5837665e-01
   7.2752809e-01
  -2.2291554e-02
  -1.4509063e+00
  -9.7390690e-01
  -5.8207911e-01
  -1.0885122e+00
   7.6174631e-01
   6.1046798e-01
   3.3193542e+00
  -3.1132105e-01
  -1.5599964e+00
   2.3493834e-01
  -2.1170521e-01
  -4.9407376e-02
  -1.1603248e+00
  -4.8181409e-01
   2.3425470e+00
  -6.2709225e-01
  -2.9337931e-01
   1.1342997e-01
   1.7366265e+00
  -2.2291554e-02
  -2.2291554e-02
  -2.2291554e-02
   2.1299138e-01
  -6.7851699e-01
  -2.2291554e-02
  -2.2291554e-02
   1.0237086e+00
   1.0537020e+00
   7.4528601e-01
  -1.4148080e+00
   3.6121975e-01
   1.0491606e-01
  -4.0485708e-01
  -1.3840095e+00
  -1.0307788e+00
  -7.5099177e-01
  -1.1210818e+00
   1.2664092e+00
  -2.6659061e-01
  -5.6934633e-01
   1.6983664e-01
   5.4984667e-01
  -1.0363903e-01
   4.9076098e-01
   2.3282634e+00
   8.9385216e-01
   3.1712051e-01
   1.9204380e+00
  -5.5601299e-01
  -7.7145609e-01
  -2.2060386e-01
  -1.6495934e+00
  -4.2110084e-01
   1.0260038e+00
  -9.8279621e-02
  -3.2736542e-01
   1.1125719e+00
   5.7293655e-01
  -1.0181793e+00
   4.2823292e-01
  -4.6024831e-01
  -1.9851816e-01
   5.9189180e-01
  -1.4370123e+00
   1.5789954e+00
   1.0171299e-01
   1.8783609e-01
   8.0978300e-01
   2.0011376e+00
   2.1063618e-01
   4.4043968e-01
  -7.9972375e-01
  -9.2485959e-02
   2.9283559e-01
   3.9491271e-01
  -8.1319118e-01
   1.8824429e-01
  -1.3915007e-01
   2.0417910e+00
  -2.2291554e-02
   6.4782414e-01
  -6.3623139e-01
   1.4827456e+00
  -4.1644026e-01
  -1.7544967e+00
  -3.8725025e-01
  -1.1393512e-01
   5.8184254e-01
  -2.2291554e-02
  -2.2291554e-02
  -3.1777733e-01
  -2.7364361e-01
  -7.1407271e-01
   2.2088598e-01
   2.3898597e-02
  -1.8413792e-01
   8.2750115e-01
  -1.4542776e+00
   3.7431215e-01
  -2.2291554e-02
   1.4666891e+00
  -2.4859332e-01
  -1.9267019e-01
   5.9970454e-01
  -9.8673838e-01
   1.9485708e-01
  -2.7381032e-01
  -1.0290949e+00
  -4.9185093e-01
  -5.5569323e-01
   6.9944584e-01
  -2.2291554e-02
   1.0705386e+00
  -8.3389811e-01
   3.2710079e-01
   3.2475586e-01
   1.3430649e+00
  -2.4736207e-01
   1.3026759e+00
   2.0804232e-01
  -4.6191053e-01
  -7.4474104e-01
   8.1041356e-01
   6.8869618e-01
  -4.0391595e-01
   2.3969695e-01
  -2.8428006e-01
  -1.0055876e+00
   7.7996988e-02
   3.3340372e-02
  -2.7869545e-01
  -5.5023443e-01
  -1.0370256e+00
   1.0714147e+00
  -1.4509897e+00
  -5.2303287e-01
   3.0432274e-01
   4.0616576e-01
  -7.0720051e-01
  -2.2291554e-02
   1.1332844e+00
  -8.8654349e-01
  -3.0121341e+00
  -2.7005874e+00
   3.0362707e+00
  -2.7958560e-01
  -8.6432912e-01
  -1.8908372e+00
  -2.3656202e+00
  -3.4836644e-01
   2.7117897e+00
   6.2007534e-01
   3.5933284e-01
   3.6911698e-01
   2.7997650e-02
  -1.3588672e+00
  -8.0185210e-01
   1.0786490e+00
   2.5036927e+00
   1.3612222e-01
   3.5351739e-01
  -2.3824157e+00
   4.3086503e-01
  -3.4825761e-02
  -2.8564184e+00
  -3.2775720e-01
   9.6721186e-01
   6.3991546e-01
  -1.9009464e+00
  -3.6951318e+00
  -4.6949925e-01
   1.2372417e+00
  -5.4813509e-01
   8.9796314e-01
   4.2708344e+00
  -7.3975587e-02
  -2.0659048e+00
  -6.7188758e-01
   4.3868045e-01
  -2.1017064e+00
   3.3105957e+00
   3.1911564e-01
  -1.2942357e+00
  -4.9391579e-01
  -3.5829942e-02
   1.3934080e+00
   1.0928580e-01
   1.0828012e+00
  -9.4373664e-01
   1.2452975e+00
  -1.4472529e+00
   4.3537877e-01
  -2.4408268e-01
  -9.9897460e-01
  -2.8945759e-01
   1.3260483e+00
  -1.4108257e+00
  -7.3759022e-01
   6.3936616e-01
  -1.7133768e+00
  -1.8997771e+00
  -1.0678511e+00
   5.1003809e-02
   1.4222122e+00
   2.1931059e-01
   7.6568362e-01
   7.6761061e-01
  -2.5589791e+00
  -1.0433941e+00
   7.0911909e-01
  -2.2604588e-01
  -2.1508152e+00
  -2.2739402e+00
   2.3507775e+00
  -5.7094254e-01
  -3.0022855e+00
   3.8188332e-01
   3.4195571e+00
  -1.2786811e-01
  -2.7183837e+00
   1.5905922e+00
   1.8698363e+00
  -2.3012974e+00
  -1.3278877e+00
  -3.5791544e-01
  -2.0664261e+00
  -1.8386464e+00
   1.2912081e+00
   4.1037482e+00
  -6.4813726e-01
   2.8852421e+00
   4.0745336e-01
   3.2097336e+00
  -4.9580297e-01
   9.0669477e-01
  -1.1756161e+00
  -8.5805344e-01
   6.4457567e-01
  -6.7488020e-01
   1.5386143e+00
  -3.6512854e+00
  -2.6058631e-01
   2.0408175e+00
  -3.0996890e-01
   1.6104138e+00
  -4.9966003e-01
  -3.6443386e+00
  -1.6045082e+00
  -1.8156937e+00
   1.0485430e+00
   1.1352070e+00
  -8.3295430e-01
   1.4187059e+00
  -6.6809672e-01
  -2.3936479e-01
  -4.4352378e-01
  -8.4335102e-01
   1.5607073e+00
  -4.0963322e-01
  -1.5212333e+00
  -2.3083172e-01
   2.4416701e+00
   6.9305875e-01
  -1.7366716e-01
   2.6494425e-01
  -1.3817491e+00
   1.7874725e+00
  -1.9870613e+00
  -3.3370394e-01
  -2.0772588e+00
   2.2508611e+00
  -4.9096428e-01
  -2.4315722e+00
  -8.5099311e-01
   4.9306586e-01
  -4.5417862e-01
  -2.5694172e+00
  -3.9817354e-02
   3.4450859e-01
  -7.4086088e-01
  -2.2291554e-02
  -2.2291554e-02
  -2.2291554e-02
  -2.4244740e+00
   1.7048641e+00
  -2.2291554e-02
  -2.2291554e-02
   2.3881286e+00
  -5.3682187e-01
   8.8327368e-01
  -8.2454033e-01
  -2.9415303e+00
   1.5940178e-01
   1.0368957e+00
   8.7611408e-01
  -5.3123381e-01
  -1.7254920e+00
   3.9523819e-01
  -1.3222010e+00
   7.1406650e-01
   3.2383887e-01
  -1.2533184e+00
  -1.7618735e+00
  -1.3862331e+00
   2.1409684e-01
   3.4979395e-01
   1.5156618e+00
  -1.1714471e+00
   1.0510430e+00
   7.1226276e-01
  -1.6947889e+00
   1.7249581e+00
  -1.7309229e+00
  -1.7893155e+00
  -2.2240740e-01
   2.7759255e-01
  -1.3140963e+00
  -1.5783730e+00
   2.7258264e+00
   5.9319123e-01
  -5.3800608e-01
  -1.9309212e+00
  -1.2784635e+00
   2.5208210e+00
  -1.0410375e+00
  -2.0781650e-01
  -2.8663085e+00
   3.1510887e+00
   1.5937734e+00
   6.6915923e-01
  -4.5091519e+00
  -5.3853415e-01
  -1.6026822e+00
  -3.3527919e-01
  -1.5700617e+00
  -2.4828777e+00
  -5.5814993e-01
   3.8675018e+00
   1.4993549e+00
   1.2195893e+00
   2.0455349e+00
   2.5990428e+00
   1.2209808e+00
   1.6398196e+00
  -4.2620689e+00
   1.8986099e+00
  -4.9096428e-01
   1.1484400e-01
  -1.7904763e-01
  -1.8396627e+00
   1.1433903e+00
   3.0260208e+00
   3.5106653e-01
   9.1774623e-01
   3.6608737e+00
  -2.4602454e+00
  -6.3212713e-01
   1.3983672e-01
   3.3618385e-01
   1.4567433e+00
   6.1600352e-01
  -8.6930486e-01
   1.1494584e+00
  -2.2291554e-02
  -2.2291554e-02
   9.6836059e-02
   4.8516954e-01
  -2.2406112e+00
  -6.7651988e-01
   1.9503410e+00
  -9.7302630e-01
   3.7741705e-01
  -2.2291554e-02
  -7.7210217e-01
  -3.3942293e-01
  -5.7306329e-01
  -1.5632781e+00
   5.4504947e-01
   2.2739292e+00
  -4.4184656e-01
  -6.0479497e-01
  -1.4670099e-01
   2.0851683e-01
  -9.1571168e-01
  -3.0087011e+00
  -1.5139327e+00
   3.3027711e-01
   1.2121690e+00
  -5.5874556e-01
   2.0829911e-01
   1.1174633e-01
   7.1819657e-01
   8.5622728e-01
   2.6328581e+00
  -2.2291554e-02
  -1.2803775e-01
   5.9153470e-01
   4.7398309e-02
   2.3428754e+00
  -1.0469481e+00
   6.0164075e-01
   8.7501020e-01
   2.7104919e-02
   1.0920215e-01
   1.3865192e+00
   7.3886104e-01
   8.2082284e-01
  -2.2857015e+00
   6.0489230e-01
  -8.4399552e-01
   8.9523061e-01
  -1.9809410e-01
   1.9102785e+00
  -2.3865116e-01
   1.4778143e-01
  -1.5416671e+00
   1.7588287e+00
   5.8840194e-01
   1.0144949e+00
   5.3993861e-01
   3.8810640e-01
  -1.7743296e+00
  -6.2993510e-01
   8.4145384e-01
   4.4147721e-01
  -3.5098875e-01
  -3.5309150e-01
  -8.7400279e-01
   2.5300566e-01
  -1.1791602e+00
   5.0536476e-01
  -1.9241540e-01
   7.7704459e-01
   4.7864462e-01
  -6.9129068e-01
  -5.9163675e-01
   1.9387424e-01
   1.3461765e+00
  -1.8761899e-01
  -8.1107577e-01
  -6.8167533e-02
   3.5877038e-01
  -7.8724441e-01
  -3.6248930e-01
  -3.7808395e-02
   5.9477866e-01
   1.1752058e+00
   6.1804044e-01
  -2.4476373e-01
   8.6191130e-01
   1.1621763e+00
  -3.6574076e-02
   1.8710271e+00
  -3.8158125e-01
  -3.5617404e-01
  -1.2224380e+00
  -3.2313941e-01
  -1.0857056e-01
   6.3987449e-02
   6.0606036e-01
   1.0314714e+00
   1.6472380e+00
  -2.2291554e-02
  -1.4559243e+00
  -4.2535400e-01
  -8.6632341e-01
  -1.3438379e+00
   1.0005586e+00
  -1.4394852e+00
   2.1175635e-01
   3.7027788e-01
   3.8169386e-01
   6.3462257e-01
   1.3356788e-01
  -2.4406374e+00
  -1.0857326e+00
  -2.5338760e+00
   8.8793065e-02
   8.1112260e-01
   1.0234815e-01
  -1.2505374e+00
   2.0241900e+00
  -1.1996792e+00
   2.2613128e+00
   3.5117439e-01
  -7.1156691e-01
   9.8244329e-02
   1.4026400e+00
  -6.7051494e-01
   3.0283588e-01
  -6.6506923e-02
   4.6201047e-01
   3.8510402e-01
  -1.0173056e+00
  -6.3161163e-01
  -9.2712427e-01
  -9.8413856e-02
  -3.1258262e-01
  -7.1639420e-01
   2.8734931e-01
   8.0459400e-01
  -7.1044134e-01
   3.7642235e-01
   8.8625077e-01
   1.9364825e+00
   2.9468273e-01
  -1.0962932e+00
   1.3381921e+00
   1.8021265e+00
  -4.5153648e-01
   8.8822902e-02
   4.6104631e-01
  -2.0129009e-01
   1.8419030e-01
  -1.7402927e+00
  -4.2148746e-01
   7.7796709e-02
  -3.8064275e-01
   1.2134707e-01
   1.3227364e+00
   8.0952054e-01
  -1.0641643e+00
   8.6808065e-01
  -1.0813289e+00
   5.3779917e-01
  -1.3482583e+00
   5.3197648e-01
   1.4706407e-01
  -5.0358044e-01
  -5.7993140e-01
  -3.9742061e-01
   2.5210863e-01
   1.5103854e+00
   7.5498315e-02
  -8.3366573e-03
  -1.8999939e-01
  -6.7025809e-01
   7.0959689e-01
   1.1727633e-01
  -2.0380337e-01
  -6.4269533e-02
  -2.2291554e-02
  -2.2291554e-02
  -2.2291554e-02
   1.9686424e-02
  -3.3092436e-01
  -2.2291554e-02
  -2.2291554e-02
   7.4586379e-01
   2.4044134e-01
  -2.1194005e+00
  -7.4551831e-01
  -2.7051109e-01
  -4.9278552e-01
  -6.6620636e-02
   9.5878313e-01
   8.4075831e-01
  -6.5103648e-02
   6.7257250e-01
  -4.6081312e-01
  -5.9367715e-01
  -7.9778909e-02
  -6.2979912e-01
  -3.1410875e-01
  -7.6615159e-03
   3.2759331e-01
   2.9636972e-01
  -4.1365054e-01
  -5.3405749e-01
   5.7669937e-01
  -1.3016853e+00
  -8.9315200e-01
  -8.6187985e-01
   4.3735476e-01
  -3.4361446e-01
  -1.6061496e-01
   6.6565478e-01
  -1.1349064e-01
  -4.8071539e-01
  -1.2984444e-01
   3.3025969e-01
  -3.7569992e-02
   5.5513880e-01
  -9.3699472e-01
   1.6194808e-01
  -7.3213679e-01
   1.0186186e-01
   8.8424848e-01
   6.2853642e-01
   1.7286859e-01
   1.7162667e+00
  -8.0278519e-02
   1.3701639e-01
  -2.8323342e-01
   6.1325675e-01
  -4.6924986e-01
  -1.2828554e+00
  -1.8188449e+00
   7.5531514e-01
  -1.2473384e+00
   1.0152741e-01
   1.4709080e+00
  -3.9913239e-01
  -3.1053861e-01
  -1.3943138e+00
  -7.6180329e-01
   1.2013817e-01
   4.1833082e-01
  -2.5787224e-01
   8.0533388e-01
   1.0149036e-01
  -5.9728327e-01
   1.2435058e+00
   1.1834727e+00
   4.9651614e-01
  -6.0072436e-01
  -1.1379414e+00
   9.4399399e-01
  -2.2291554e-02
  -2.2291554e-02
   1.0436238e+00
  -9.2392997e-01
   5.4122853e-01
   5.1400735e-02
   1.8348990e-01
   5.9018446e-01
   3.1006310e-01
   1.1736949e+00
   9.5365840e-01
  -1.0545703e+00
   4.1266040e-01
  -5.4185199e-01
  -9.3350228e-01
  -6.5401078e-02
   6.6318487e-01
  -2.3552844e-01
   4.8885154e-02
  -1.9054921e+00
   3.1592294e-01
  -1.4639304e+00
   3.8304264e-01
  -1.7204512e-01
   4.8511096e-01
  -6.4980996e-01
  -7.7940421e-01
   6.5960673e-01
   1.2417078e+00
  -1.0459890e+00
  -2.7764946e-01
   1.5809190e-01
  -5.5017873e-01
   1.0281482e+00
   2.5918387e-01
  -4.6742949e-01
   2.7489243e-01
  -4.3882901e-01
  -6.7120227e-02
  -3.6727529e-01
   3.5258228e-01
   8.3708997e-01
  -9.5816194e-02
   3.1505953e-01
   3.2739614e-01
  -9.4948403e-02
  -9.3182194e-01
   2.5813943e-01
   2.7126513e-01
  -7.6573755e-03
  -1.1015881e-01
  -1.9847527e-01
  -6.2882252e-01
   4.3695970e-01
   8.4065659e-01
  -3.8619081e-01
   1.1903908e+00
   1.0596780e-01
   3.4610647e-02
  -4.9361804e-01
  -5.1243618e-01
   5.0080564e-02
  -7.3594424e-01
   4.4488154e-01
   4.1188287e-01
  -3.6705456e-02
  -6.3133240e-01
   5.8674929e-01
  -4.4205208e-01
  -1.3868974e-01
  -3.6859767e-02
  -3.7316564e-01
   9.4931211e-02
   4.2945318e-01
  -4.5940211e-01
   3.8579297e-01
  -5.7690457e-01
   5.6134749e-01
   1.5214013e+00
   5.5187946e-01
  -3.1558262e-01
  -1.4849876e-01
   2.7171419e-01
  -2.0582080e+00
  -8.5669398e-01
  -1.7478644e+00
  -4.6668197e-01
   5.5924020e-01
  -6.0382330e-01
  -2.0730023e-01
  -5.0331707e-01
   8.7407652e-01
  -2.3723788e-01
  -2.2291554e-02
  -2.6904357e-01
  -3.3239665e-01
   9.3304312e-01
   3.8828743e-01
   5.3385132e-02
   3.9946329e-01
   9.7580700e-02
  -3.8274520e-01
  -6.5919537e-01
   5.2410488e-01
   2.9379363e-01
   1.5746484e-01
   2.4617679e-01
   6.6889043e-02
   1.8520032e-01
  -7.3718594e-01
   9.7545974e-02
   1.0732348e+00
   9.4765361e-02
  -9.9602973e-01
   7.0238315e-01
   7.0723706e-03
  -1.9872574e-01
  -5.1061275e-01
  -8.1634544e-01
  -1.0130784e+00
   2.6929181e-01
  -3.2926705e-01
  -3.7758108e-01
   5.1740187e-01
  -9.6657826e-01
   1.3953503e+00
   9.2654003e-01
   2.1593459e-01
  -2.3067934e-01
   2.0094899e-01
  -8.0034826e-01
  -1.2792973e-01
  -1.0907153e+00
   3.1588360e-01
  -1.1430202e-01
   2.2270681e-01
  -3.1335662e-01
   4.9741001e-01
  -6.9584587e-01
  -5.3117111e-02
  -3.1605450e-01
  -1.5486027e+00
   5.1784718e-01
   8.5523034e-01
   6.1086693e-01
  -8.5783726e-01
   8.7461265e-01
   8.4910940e-02
  -1.2452433e+00
  -9.8679042e-01
  -1.0215237e-01
   3.2817718e-01
  -5.4054375e-02
   3.4180823e-01
   7.1386018e-01
  -5.8521073e-01
  -2.2708339e-01
  -4.5023775e-01
  -2.2960974e-01
  -6.3144584e-03
  -5.4250684e-02
  -2.4656024e-01
  -6.6847141e-01
  -3.8549964e-02
   1.4006296e-01
  -1.1964308e-01
   3.9824771e-01
  -5.4036597e-01
   2.5358162e-01
   7.1689258e-01
  -5.1927445e-01
  -2.8067995e-01
   1.2321076e-01
   1.2061049e+00
  -3.8616854e-01
   2.5316125e-02
   1.3608490e-01
   4.4994799e-01
  -3.3663824e-01
   1.3512065e-01
  -7.5038869e-01
   3.4303849e-01
   1.6729572e-01
   8.3786524e-01
  -1.4651953e-01
  -2.2291554e-02
  -1.4681870e-01
   1.7991304e-01
  -1.9333624e-01
  -2.2291554e-02
  -2.2291554e-02
   8.2732961e-01
   9.9418868e-01
   1.5767337e-01
   2.3159135e-01
  -1.8642633e-01
  -1.7195843e-01
  -5.9500947e-01
  -4.3311216e-01
  -6.8337516e-01
   6.0823066e-01
  -2.6743510e-01
  -5.4711265e-01
  -5.6817069e-01
  -3.3682945e-01
  -4.3407218e-01
   4.1273138e-02
   4.8343248e-01
  -1.0387345e+00
   1.0586185e-01
  -4.7222490e-01
   1.8709304e-01
   9.3326142e-01
  -2.9124361e-01
   1.3608490e-01
   2.4584014e-01
   5.5652714e-01
  -8.4555102e-02
  -3.6608767e-01
   2.7475765e-01
   2.4455356e-02
  -3.5041088e-01
  -8.5027225e-02
  -4.9525098e-01
   7.2647035e-02
  -1.6476488e-01
   1.0437078e-01
  -6.5872876e-01
  -1.3447790e-01
  -1.5080326e-01
   2.8240387e-01
  -6.3045792e-03
   2.0100866e-01
   7.5175181e-01
   3.6820925e-01
  -2.2498390e-01
  -2.2291554e-02
   3.0474079e-01
  -3.4932390e-01
   1.5168063e+00
   9.3922125e-01
  -2.3110008e-01
  -1.1203969e-01
  -5.0359691e-01
  -2.6463468e-01
   5.8144993e-01
   5.5964647e-01
   8.3122028e-01
  -6.6094920e-02
   9.4435065e-02
  -2.2291554e-02
  -2.2291554e-02
  -2.5600888e-01
  -5.1580635e-02
  -3.8981173e-01
   5.1421745e-02
  -2.2895417e-01
   4.0488257e-01
  -1.6919469e-01
  -1.1063418e-01
  -4.8114843e-01
   1.7062826e-01
  -4.2377927e-01
  -1.5681651e-01
   2.7617894e-01
  -1.1657627e+00
  -1.3786938e+00
   4.5960160e-01
  -4.1056392e-01
  -2.7232466e-01
   3.2119315e-01
   5.5455973e-02
  -6.3184522e-01
  -4.0100453e-01
  -5.9561290e-01
   6.3015738e-01
   4.1859917e-01
   2.2796844e-01
   2.2676309e-01
   2.1011275e-01
   4.7004059e-01
  -3.6026577e-01
  -3.9352764e-01
   3.9516220e-01
   8.0263968e-01
  -4.7896103e-01
  -1.9075271e-01
   2.5308710e-01
   5.8446073e-01
   1.5835446e-01
   2.6244690e-01
   2.7574887e-01
  -8.1762372e-02
  -2.6086116e-01
   2.9060589e-01
   1.7046231e-01
   2.5813943e-01
   8.0642958e-02
   1.1541388e+00
   8.4632369e-01
  -6.6165790e-01
   2.7706346e-01
   8.3756255e-01
  -2.3240915e-01
  -1.3470436e-01
   3.7008875e-01
   4.5020181e-01
  -2.0244136e-01
  -1.1449380e+00
   3.8748959e-01
  -1.7734376e-01
  -3.6220976e-01
   8.3732821e-01
   5.6137886e-01
   1.7081035e-01
  -1.0793349e+00
  -3.3235439e-01
   7.2154625e-01
   4.6312048e-01
   3.4908030e-01
   4.6875812e-01
   1.0658118e+00
  -4.6283268e-01
   4.4698830e-02
  -1.4338822e+00
   1.2015069e+00
   6.7181109e-01
  -7.2983406e-01
   4.3271542e-01
   3.4943697e-01
  -3.5521661e-02
  -3.5525046e-02
   2.8122521e-01
   1.6158931e-01
  -2.7200294e-01
  -4.4560317e-01
   4.2736233e-01
  -8.7197221e-01
  -2.3691130e-01
   3.5271044e-01
  -8.9487932e-03
   2.5711406e-01
   8.3308908e-01
  -2.2491532e+00
  -1.1518541e+00
  -5.6830582e-01
   7.1832998e-01
   4.3354837e-01
  -4.5039014e-01
  -4.2600507e-01
  -3.8694092e-01
  -5.3147382e-01
  -2.6449280e-01
   4.4683214e-01
   3.7244220e-01
   5.0864396e-01
   1.7195020e-01
  -3.0000366e-01
  -2.1758129e-01
  -6.2676342e-01
  -1.0072712e+00
   1.5036260e-01
  -7.9778909e-02
   6.3498561e-01
  -1.2177464e-01
  -7.9225081e-02
   8.2519866e-01
   2.5714642e-01
   5.3209457e-01
  -3.5420949e-01
   1.8540669e-01
  -2.1611727e-01
  -1.1723822e+00
   9.1045193e-02
   6.2548285e-02
   4.8384499e-01
  -3.6284213e-02
   1.2767420e+00
  -6.1248361e-01
   1.9103941e-02
   5.2870439e-03
   1.3650633e+00
  -2.1052322e-01
   6.6013610e-01
  -6.2186017e-02
   2.2985511e-01
   2.2863156e-01
   9.1767643e-01
  -6.3394180e-01
  -1.1471827e+00
   9.7979551e-02
  -2.6311415e-01
  -2.3730172e-01
  -1.0315141e-01
   9.8950870e-02
  -2.5154419e-01
  -2.5256510e-01
  -2.8087547e-01
  -7.3667945e-01
  -7.6071799e-01
  -6.4406287e-02
   4.1124878e-01
  -4.8392744e-01
   3.9754732e-01
  -6.1102509e-01
  -2.4834599e-01
  -4.7738686e-01
   3.4814879e-02
   1.3442673e-01
  -9.5531939e-01
  -8.1043354e-01
   1.3276849e+00
   8.1622685e-01
  -4.8961658e-01
  -5.8008564e-01
   1.2419325e+00
   1.5981030e-01
   1.4523517e-01
  -2.2291554e-02
   2.6958055e-01
   4.4679800e-01
   5.1059332e-01
  -8.1678996e-01
  -2.2976757e-01
  -1.7497146e-01
   3.3280585e-02
  -6.3965059e-02
  -8.3966542e-03
   1.1645248e-01
   1.8512898e-01
   4.1744425e-01
   1.8742600e-02
   1.4152021e-01
  -7.2210412e-01
  -3.6108487e-02
   2.5334807e-01
  -2.2291554e-02
  -2.4268558e-01
  -2.7136286e-01
  -5.5208187e-01
   1.1765405e-01
  -1.3421772e-01
   1.1757835e-01
  -3.8674322e-01
   1.1818631e-01
   5.7582812e-03
  -2.2291554e-02
   5.7430739e-03
   2.8509037e-01
   3.8012192e-01
  -5.2231031e-01
   4.6390288e-01
  -2.8565830e-01
   3.1015987e-01
  -2.1596171e-01
   6.2503716e-01
  -1.5934403e-01
  -1.8723546e-01
  -2.4303840e-01
  -3.1345931e-01
  -7.7938447e-02
  -2.3150237e-01
  -6.1262538e-01
  -6.0514437e-01
  -1.0814083e-01
  -3.3829730e-01
  -3.6701439e-02
   7.8493412e-02
   1.1720505e+00
   1.6010677e-01
  -2.2291554e-02
   6.1675777e-02
   3.2611207e-01
   3.5136630e-01
   5.2635943e-01
   4.5304875e-01
   5.1565733e-01
   4.0407413e-01
  -3.2838613e-01
   5.2209778e-01
   5.5562513e-01
   1.3185531e+00
  -7.6577796e-01
  -6.3271279e-01
  -9.2285580e-03
  -9.2318572e-03
   1.6867759e-02
  -4.8100587e-01
   3.9726345e-01
  -1.0069926e-01
   2.6462397e-01
   3.0182804e-01
   4.0245899e-01
   1.6962950e-01
  -1.1193847e+00
  -4.9405239e-01
   9.6052765e-02
  -1.9332041e-01
  -1.2782194e-01
   1.4872130e+00
   2.8459285e-01
   1.6859043e-01
   1.4305395e+00
   9.9273908e-01
   1.9228551e-03
  -5.3319069e-01
   4.8860758e-01
  -1.0188600e-02
   2.6197907e+00
   5.2672351e-01
   6.1094460e-01
  -1.3427122e+00
  -2.9974290e-01
   2.8973677e-01
   7.6666373e-01
  -1.5863935e-01
   6.8955664e-01
  -4.6180274e-01
   1.0205184e-01
  -6.0133008e-01
  -1.4460668e+00
   5.6121577e-01
   8.2044056e-02
  -2.4280306e-01
   9.6451553e-04
  -2.2291554e-02
  -2.2291554e-02
  -3.4883219e-01
   3.8556306e-01
   9.5502247e-01
  -4.6841421e-01
  -6.1155129e-01
  -2.6689327e-01
   6.8504139e-01
  -8.5821247e-01
  -1.2900733e+00
  -2.2291554e-02
   3.3630815e-01
  -1.4106404e+00
   4.4060319e-01
   1.8345893e-01
  -5.1991414e-01
   8.0043782e-01
   3.1271109e-01
  -8.3966589e-01
  -2.0106653e+00
  -3.0003078e-01
   1.5462411e-01
  -2.5957102e+00
   1.1055870e+00
   6.8438910e-02
  -1.0159884e+00
   5.8143460e-01
  -7.7143736e-01
   7.3990077e-01
   2.1741121e+00
  -4.9957818e-01
  -1.2351450e+00
   1.1960914e-01
  -5.7922228e-01
  -3.6197358e-01
  -5.3603542e-01
  -1.6085258e+00
  -2.0005937e-01
  -3.6588000e-01
   1.1232271e+00
  -4.2849844e-01
  -1.5116388e+00
  -5.8497252e-01
   1.6340133e+00
   1.8277099e-01
   4.3952806e-01
   3.0123319e-01
  -4.9477767e-01
   3.1925877e-02
  -7.6508986e-02
  -2.9423470e-01
  -6.2564878e-01
   1.2920904e-01
   1.1202139e+00
   8.0508402e-01
  -1.5484705e-01
   2.1606422e-01
  -8.7481774e-01
   8.0380485e-01
  -4.8701299e-01
   3.1007796e-01
  -5.9529688e-01
   6.4339568e-01
  -2.7424424e-01
  -8.9363857e-01
  -2.9337931e-01
  -5.0014194e-01
   9.4249817e-01
   5.8421059e-02
  -1.0952335e+00
   1.1714835e+00
   3.9176360e-01
  -2.7567376e-01
   1.4537275e+00
   6.1045043e-01
   1.3149256e-01
  -8.4780964e-01
   1.7237502e-01
  -6.4782181e-01
   5.6314800e-02
  -1.0536144e+00
   1.7757399e-02
   6.5383739e-01
  -4.8534837e-01
   8.3916176e-02
   1.8947171e-01
  -2.2291554e-02
   5.5562513e-01
   4.7167275e-01
   2.1005473e-01
  -4.8803284e-01
   5.4638058e-01
  -1.1234484e-01
   3.4976966e-01
  -7.3451460e-02
  -1.2476346e-01
   5.4581409e-02
   5.4467298e-02
  -3.5076786e-02
   2.8830418e-02
