  6.9792693e-002
  1.1592007e-002
  5.6732893e-002
 -2.4927475e-002
  1.4272021e-002
 -3.3209494e-002
 -3.9267587e-002
 -4.6813432e-002
 -6.4709735e-002
 -2.9428210e-003
  1.4449739e-002
 -1.1808044e-002
  4.4548499e-002
 -1.6377964e-002
 -3.2733150e-002
  4.7265595e-003
 -1.8387242e-002
  1.4214615e-002
 -3.8418420e-004
  2.0704746e-002
  8.7558877e-003
 -4.5284089e-003
 -9.9815873e-003
  6.1793061e-002
  1.3311980e-002
  8.2017544e-002
 -1.4078092e-002
 -9.4966949e-003
 -4.7878610e-003
  2.3599524e-002
  2.8982865e-002
  2.0535673e-003
 -2.3964372e-002
 -3.8864431e-002
  7.3577900e-003
 -1.5928538e-002
 -4.8701730e-003
 -3.5462123e-002
 -1.0916756e-002
 -1.5000285e-002
 -2.0887415e-002
 -2.5889474e-002
 -3.9471573e-002
  7.8143515e-003
  1.7503857e-002
 -4.1904903e-003
  1.8088214e-002
 -3.2938316e-002
 -6.8511177e-003
  9.5147561e-003
 -5.5366215e-003
  3.4826305e-003
  2.6690228e-002
  2.5976486e-002
  3.0830835e-002
 -1.7872706e-002
 -3.2158751e-002
 -1.6266776e-003
  4.2607027e-002
 -4.2546894e-002
  3.6604385e-002
 -2.9125284e-002
 -4.4033580e-002
 -1.2425534e-003
 -3.8418420e-004
 -3.8418420e-004
  2.2117296e-002
 -1.3058625e-002
  2.2730945e-002
  2.0989420e-002
  1.2946654e-002
 -3.5996211e-003
  1.4797889e-002
  1.8080297e-002
 -2.3323633e-003
 -6.6439855e-003
 -3.6344911e-002
  4.0810150e-003
  1.2093338e-002
  2.6452470e-002
  1.5072074e-002
 -6.5380498e-003
 -1.0076061e-002
 -1.3323004e-002
  2.3788533e-002
  6.1430035e-003
 -1.5329494e-003
  2.3467032e-002
 -2.5001977e-002
  2.3110644e-002
 -2.8490858e-002
  6.9081145e-003
 -1.5022350e-002
 -3.8418420e-004
 -3.8418420e-004
  4.2615849e-003
 -5.0299533e-003
 -1.5633746e-002
 -3.0786526e-002
  2.5674617e-002
 -3.8418420e-004
 -2.0368862e-002
 -1.4614959e-002
 -2.6521328e-002
 -2.2054885e-002
  8.1701879e-003
  2.1679227e-003
  3.3446564e-002
 -3.8418420e-004
  2.4358510e-002
  2.1019725e-002
 -4.0389519e-002
  3.4904161e-002
 -1.4270541e-002
  1.7042000e-002
  3.5343161e-003
 -6.2677077e-003
 -1.7044625e-002
  4.8023425e-003
 -1.7238516e-002
  6.3116770e-002
  3.0652145e-002
 -2.9523339e-002
 -4.1790757e-002
  2.3431113e-002
  8.8324709e-003
 -1.7735689e-002
  1.9468192e-003
  4.0298103e-002
 -1.3132763e-002
  1.3853599e-002
 -1.4621967e-002
  2.5320342e-002
  1.7115351e-002
  1.2899084e-002
  2.6706303e-002
 -4.8012233e-002
 -3.3007010e-003
  1.3394134e-002
 -3.8418420e-004
  1.7460686e-002
 -9.9808457e-003
  6.3786108e-003
 -5.3564959e-002
 -1.9266920e-002
 -2.5477182e-002
  2.9273295e-002
  6.0467061e-003
  1.7553517e-002
  4.8405980e-002
 -9.2416380e-003
 -2.4151957e-002
  3.3298685e-002
 -4.3219597e-002
 -1.7446912e-002
  1.6678544e-002
 -2.7599284e-002
  2.1298908e-002
  3.7356144e-002
  7.0666220e-003
 -3.5705916e-003
 -1.4310494e-002
  1.1767502e-002
 -2.8739596e-003
  1.9711680e-002
 -6.3355408e-003
  3.1781653e-004
 -8.1334304e-003
  2.1302570e-002
  3.8636882e-002
 -2.0494635e-003
 -7.0731724e-003
 -1.5600031e-002
 -3.2935534e-002
  4.4694840e-002
  9.3262554e-003
  2.5275118e-002
  4.4392307e-002
 -2.5542744e-002
 -1.7731230e-002
  1.2174345e-002
 -3.8210670e-002
  2.4883772e-002
 -4.2070670e-002
 -2.0862715e-002
 -1.4273296e-002
  1.0050693e-002
 -2.8456203e-002
  2.9416444e-002
 -4.4521975e-002
 -1.2734504e-002
 -1.5111991e-002
  2.5787809e-003
 -1.8295111e-002
  9.3573690e-003
  7.5692659e-002
  1.1295784e-002
 -8.9590953e-003
  4.4268216e-003
 -6.2291381e-003
 -1.0782891e-002
 -1.0892162e-002
 -1.4568819e-002
 -2.7168268e-002
  1.3097529e-002
  3.3940483e-004
  1.6115473e-002
  2.7332026e-002
 -2.4549254e-002
  1.9967396e-002
  6.8835412e-003
  3.1849311e-002
 -1.2139147e-002
  4.5828659e-002
 -1.7300658e-002
  1.0384398e-002
 -3.6403277e-002
 -2.6634200e-002
 -9.0572655e-003
 -1.2654277e-002
  4.8928729e-003
  1.7696976e-002
  7.5101420e-003
 -4.7637069e-002
 -5.5268147e-002
 -2.9583339e-002
  1.7390627e-002
  8.0064066e-003
  1.7308730e-002
  2.1026748e-002
 -2.9285788e-002
 -1.9360085e-002
  1.4825235e-002
  3.3822986e-003
 -2.7052431e-002
 -5.0281554e-003
  2.3001969e-002
  3.8996833e-002
 -9.5333789e-003
  2.1794511e-002
  9.9897238e-003
 -1.1117740e-002
 -2.5517541e-002
  2.1145566e-002
  3.2194233e-003
 -4.8275472e-002
  1.4597370e-002
  2.1675534e-002
  1.1131981e-001
 -2.8415698e-002
 -1.7247990e-002
  6.3955028e-003
 -3.7202380e-002
  4.4844491e-002
 -3.8418420e-004
  4.6283576e-003
  9.5661467e-003
  2.2455308e-002
 -3.8418420e-004
 -3.8418420e-004
 -5.0320166e-002
 -4.1573602e-002
 -2.0370574e-002
 -3.6338711e-003
 -2.1941394e-003
  3.8697166e-002
 -3.8745891e-003
 -1.4823597e-002
 -2.8808476e-002
 -7.7102243e-003
  2.5526755e-003
 -1.0701151e-002
  2.1232338e-002
 -5.2078161e-002
 -1.7708968e-002
 -3.9993322e-002
 -5.9469587e-002
  4.6505946e-002
 -8.5977827e-003
  3.0874704e-002
 -5.8812977e-002
  2.4721737e-002
  2.9161488e-003
  5.6453842e-002
 -9.7665830e-003
 -1.4624931e-002
 -4.3762055e-003
 -3.8418420e-004
  3.3050592e-002
 -8.1512135e-003
 -1.2149026e-002
 -1.4287089e-002
  2.3332343e-002
 -1.6132541e-002
  3.8531232e-002
  4.9858941e-002
  6.8491204e-003
 -3.1493738e-002
 -3.8418420e-004
  3.3263952e-003
 -3.3902667e-002
  2.0461748e-002
  8.9494658e-003
 -7.5586233e-004
 -3.4413933e-002
 -8.1062303e-003
 -1.8769212e-002
  1.7225349e-002
 -3.4921898e-003
  1.8884235e-002
  1.2886153e-002
  2.7839004e-002
  1.2796169e-001
  2.1909733e-002
 -5.7412917e-002
  2.3014478e-002
  7.4886444e-002
  3.9591531e-002
 -3.1337281e-002
  1.1520719e-002
 -3.8067618e-002
  1.7881164e-002
  3.6629664e-002
 -1.4141170e-002
 -2.3641046e-002
 -3.8418420e-004
  2.2577910e-002
 -2.1839119e-002
 -3.0967607e-002
 -2.7136369e-002
  3.5641638e-002
 -1.9238304e-003
  1.1554620e-003
 -1.2768243e-002
 -3.8484030e-002
  1.5667525e-002
 -4.2666905e-002
 -3.7119743e-003
 -5.0906411e-005
 -3.8418420e-004
 -3.8418420e-004
  2.2347811e-002
 -6.9201552e-003
 -1.0268943e-002
 -2.0451747e-002
 -3.8418420e-004
  6.1829001e-002
 -2.4481736e-002
  2.3713368e-002
  4.2796930e-002
  1.0501923e-002
  3.5070046e-002
 -2.5367114e-002
  1.1450274e-002
 -3.0237147e-002
 -1.2886253e-002
  2.7155762e-002
 -5.3092462e-002
 -3.3331351e-002
 -8.5474948e-003
 -3.6682594e-003
  9.4358620e-003
  4.5765612e-002
  1.6578443e-002
 -1.3001677e-002
  4.5586742e-003
 -3.4706064e-003
  7.3140832e-003
  1.5742744e-002
  2.2591614e-002
 -2.2454868e-002
 -6.1304574e-003
 -3.0246338e-002
 -3.8276060e-003
  2.1328828e-002
  1.6049539e-002
  2.8180686e-002
  5.4654961e-003
  2.2370493e-003
 -4.7125837e-002
  1.1432345e-002
 -7.9427992e-003
 -1.2905343e-002
 -9.0262133e-003
 -1.7895576e-002
 -6.3959093e-003
 -1.3802916e-002
  1.1128575e-002
  4.5297209e-002
 -3.9726411e-002
  2.2109735e-002
  2.9441520e-002
  2.9087390e-003
  7.8047958e-002
 -4.8207698e-002
  4.8500316e-004
  4.1861644e-002
  4.2811449e-002
  4.6549459e-003
 -3.7300676e-002
 -1.6991264e-002
  1.8142545e-002
 -1.9748551e-002
  5.8727628e-002
 -2.6796284e-002
  1.3309143e-002
 -2.1403551e-002
  9.9112198e-003
 -6.0606422e-003
 -1.2383237e-002
  1.4592270e-002
 -2.2242978e-002
 -2.4144910e-002
  2.6135165e-002
  2.3668492e-003
  7.8237962e-003
 -3.1126989e-003
  2.1238280e-002
 -5.7461273e-003
  1.4292530e-002
 -1.7752690e-002
 -1.2587725e-002
  2.2543321e-002
 -3.8418420e-004
 -2.8783659e-002
 -3.4065797e-003
  1.7614666e-002
 -5.8042517e-003
  1.1769916e-002
  2.2967826e-003
  9.2082155e-003
  1.1216262e-002
 -5.1470560e-002
  8.1311811e-003
 -7.7967096e-003
  1.8991507e-002
  5.0066644e-003
 -9.8373268e-003
  2.9556572e-002
 -1.2085306e-004
 -1.2836325e-002
  1.1804626e-002
 -3.5767130e-002
  1.7731764e-002
 -1.6047480e-002
  3.1479483e-003
  2.9013978e-002
 -5.0610723e-002
  3.9784038e-002
 -8.1289151e-003
 -9.8118635e-003
  1.7054219e-002
 -2.5974806e-002
  3.4471892e-002
  2.0477068e-002
  2.3836248e-002
 -3.8418420e-004
  3.6702885e-002
  9.0373132e-003
 -5.4478121e-002
 -7.7718117e-003
  3.1890713e-003
  3.1763486e-003
 -1.0590958e-002
 -3.0322643e-002
  9.0845872e-003
 -8.5324748e-003
 -2.9845340e-002
  2.5375223e-002
 -2.3158109e-002
  1.2272508e-002
 -4.1375398e-003
  7.9079591e-003
  3.6035919e-003
  1.3841556e-002
 -6.1554489e-003
  2.5840868e-002
  1.1842153e-002
 -1.5690605e-002
  2.7501019e-002
  6.1531613e-004
 -1.5229091e-002
 -1.2882753e-002
  3.2028040e-003
 -9.3758954e-003
 -1.3109976e-002
  3.3029359e-002
  1.0676763e-002
 -2.5701992e-002
 -2.5044746e-002
 -3.1073717e-002
 -1.2654277e-002
 -4.1549173e-002
  2.1854104e-003
 -3.5256976e-003
  1.5788675e-002
  2.9286646e-002
 -4.4909662e-003
 -6.5563056e-002
 -2.1693070e-002
 -2.3993029e-002
  3.8659814e-002
  1.3074182e-002
 -1.8270601e-002
  4.3321223e-002
  8.0761031e-003
 -4.0415240e-003
 -1.8300204e-002
 -7.0057717e-003
 -2.1695748e-002
  8.4290338e-003
  4.0028250e-002
 -3.7584468e-002
 -2.3984099e-002
 -1.5725138e-002
 -3.8418420e-004
 -3.8418420e-004
  8.6930269e-002
 -5.7542598e-002
  2.5742121e-002
 -3.8418420e-004
 -2.0060745e-002
  8.6340587e-003
  1.9969106e-002
  6.6828822e-002
 -5.7047607e-003
 -1.1380674e-002
 -2.9942986e-002
 -3.2849985e-002
 -1.8199346e-003
  2.1501015e-002
 -1.7396219e-002
  4.2437526e-002
 -1.1024912e-004
  1.2947533e-002
  3.9356145e-002
  1.5335763e-002
 -1.7403677e-002
 -1.6111900e-002
  6.7239147e-003
 -8.8141604e-003
 -3.5638371e-003
  1.2069060e-003
  2.1888452e-002
 -1.7107856e-002
 -3.8418420e-004
  2.4340563e-002
  3.8672680e-004
 -6.3097458e-003
 -5.5655429e-003
  1.4056500e-002
 -1.9250230e-002
  1.6175056e-002
  2.5203026e-002
 -3.5511237e-002
  2.3929234e-002
  6.9215543e-003
  3.6238372e-003
 -2.1097226e-002
  1.2615008e-004
 -3.5429951e-002
  4.8859202e-003
 -1.0952314e-002
  2.0901602e-002
  8.4173223e-003
  4.7572153e-003
 -3.4551023e-002
  2.5301111e-003
  3.0611916e-002
  6.7714814e-003
 -2.0966336e-002
 -1.5311789e-002
 -7.2019065e-002
 -6.9248019e-003
  3.0336488e-003
 -3.8020172e-003
 -1.1862072e-002
 -2.1677099e-002
 -5.6779848e-002
  3.0028235e-002
  1.6120317e-002
  4.9822210e-002
  6.3859404e-003
  1.7172349e-002
 -4.6457049e-002
  5.6720708e-003
 -3.5496041e-002
  1.7033230e-002
  1.7885137e-002
 -6.1478889e-003
  2.5013101e-002
 -8.0210478e-003
  1.5949606e-002
  2.0622669e-002
 -3.8418420e-004
 -3.8418420e-004
  2.0744975e-003
  6.6849045e-003
  1.2804003e-002
  1.5794395e-002
 -1.8436174e-002
  3.8927536e-003
  7.8506877e-003
  4.8928729e-003
 -2.1392801e-002
  4.7089779e-003
 -3.8418420e-004
  4.9169630e-002
 -1.1478345e-003
  4.1889945e-003
 -1.1343896e-002
  3.8435689e-004
  1.0313829e-002
  4.7838782e-002
 -2.4081396e-002
 -4.0993588e-003
  2.0941318e-003
  1.6063959e-002
 -1.6832327e-002
  2.6238465e-002
 -9.8284970e-003
 -1.7562521e-002
 -6.3424938e-003
  5.8216195e-003
 -9.5825088e-003
  1.1131957e-003
 -2.2573698e-002
 -2.6815687e-003
  2.4102714e-002
 -1.0409331e-002
  4.6409520e-003
  6.3599403e-003
  1.1357589e-004
  2.0301114e-002
 -1.8336222e-002
 -7.8561990e-003
 -1.1697944e-002
  3.9049608e-003
 -2.2788380e-002
 -3.2830777e-002
  6.5069112e-003
  6.7178210e-004
  6.1904614e-003
  4.8445859e-003
  6.6315650e-003
 -7.6607236e-003
 -1.4568819e-002
  2.1853488e-002
  3.4892874e-003
  7.3180362e-003
  1.1311856e-002
 -6.3699674e-004
  1.1929076e-002
  4.1012457e-003
 -7.1198963e-003
 -3.8418420e-004
 -5.4030153e-003
  1.2115979e-002
 -1.1627276e-002
  2.6263550e-003
 -4.6517945e-003
 -4.6700851e-003
 -2.0803474e-002
 -1.1580782e-003
  1.2945929e-002
 -2.1683060e-003
 -7.5526737e-003
  1.6178814e-002
  9.6737328e-003
 -6.3440314e-004
 -6.3446577e-004
  1.0816929e-002
 -3.8418420e-004
 -1.6225745e-003
 -7.8469054e-003
  8.3169273e-003
 -1.0334515e-002
 -2.4676877e-002
 -1.0424171e-002
 -8.9590061e-003
  6.8961392e-003
  4.2681891e-003
 -1.8862263e-002
 -5.2410469e-002
 -3.3866000e-002
  5.3219654e-003
 -4.6607410e-003
  1.2955023e-002
  1.4169669e-002
  1.5876337e-002
 -9.4464459e-003
 -2.7507334e-002
  1.5979770e-003
 -1.7996126e-003
  1.0312442e-003
 -4.6364939e-003
  4.8946959e-002
  1.5650249e-004
 -3.9038846e-003
 -2.4263458e-002
 -3.1416293e-002
 -5.3337731e-002
 -4.7710164e-002
 -1.6992678e-002
 -1.1455058e-001
  1.1101944e-002
 -8.2667044e-003
 -4.2631054e-002
 -9.8888955e-002
  5.2832725e-002
  7.1562050e-002
 -3.8363432e-002
 -9.5340765e-003
  2.7563254e-002
  4.2625360e-002
  4.5980325e-003
  4.7780330e-002
  3.7456375e-002
  2.2479475e-002
 -5.8111728e-003
  2.3652394e-002
 -4.7687825e-003
  1.5805460e-002
  5.2837454e-002
 -3.1009440e-002
 -6.8616216e-004
  6.8382366e-003
  6.4886951e-003
 -5.7589359e-003
 -7.2942312e-003
  3.1072416e-002
  1.6418065e-002
  1.4726581e-002
 -3.6395565e-002
  1.3019280e-002
 -2.0852735e-002
 -3.3114924e-002
  8.1265055e-003
  3.0314099e-002
  4.8851488e-003
  3.6869408e-002
 -2.0845256e-002
  6.2753701e-002
  7.4021352e-003
 -1.1676877e-004
 -1.9278133e-002
  3.8626908e-002
 -3.2709465e-003
  1.7070994e-002
  2.9676302e-003
  1.6208411e-002
 -1.7749278e-002
 -6.3265864e-003
 -6.8836221e-003
  1.4116329e-002
 -3.8418420e-004
 -2.8011690e-002
 -1.8787157e-002
 -1.1209730e-002
 -2.1003471e-002
  1.4778064e-002
  1.1852542e-002
  6.4238793e-002
 -5.9736296e-003
 -3.0121346e-002
  4.5902992e-003
 -4.0471920e-003
 -9.0856806e-004
 -2.2392231e-002
 -9.2707379e-003
  4.5348643e-002
 -1.2080224e-002
 -5.6266602e-003
  2.2404892e-003
  3.3630948e-002
 -3.8418420e-004
 -3.8418420e-004
 -3.8418420e-004
  4.1658742e-003
 -1.3074710e-002
 -3.8418420e-004
 -3.8418420e-004
  1.9844066e-002
  2.0424097e-002
  1.4459744e-002
 -2.7313596e-002
  7.0324135e-003
  2.0758416e-003
 -7.7824917e-003
 -2.6717994e-002
 -1.9886983e-002
 -1.4476275e-002
 -2.1633323e-002
  2.4537572e-002
 -5.1086024e-003
 -1.0963495e-002
  3.3313190e-003
  1.0680207e-002
 -1.9573361e-003
  9.5375682e-003
  4.5072417e-002
  1.7332815e-002
  6.1795929e-003
  3.7185617e-002
 -1.0705646e-002
 -1.4872028e-002
 -4.2192800e-003
 -3.1854033e-002
 -8.0966245e-003
  1.9888451e-002
 -1.8536922e-003
 -6.2839063e-003
  2.1562564e-002
  1.1126734e-002
 -1.9643325e-002
  8.3283588e-003
 -8.8536843e-003
 -3.7921719e-003
  1.1493304e-002
 -2.7742998e-002
  3.0582572e-002
  2.0138985e-003
  3.6794045e-003
  1.5707029e-002
  3.8746240e-002
  4.1203279e-003
  8.5644214e-003
 -1.5418687e-002
 -1.7416505e-003
  5.7099550e-003
  7.6839904e-003
 -1.5679129e-002
  3.6872985e-003
 -2.6440722e-003
  3.9532423e-002
 -3.8418420e-004
  1.2574961e-002
 -1.2256962e-002
  2.8721230e-002
 -8.0064951e-003
 -3.3882724e-002
 -7.4419991e-003
 -2.1564487e-003
  1.1298964e-002
 -3.8418420e-004
 -3.8418420e-004
 -6.0984855e-003
 -5.2449980e-003
 -1.3762310e-002
  4.3185453e-003
  5.0907178e-004
 -3.5140772e-003
  1.6049675e-002
 -2.8076887e-002
  7.2856030e-003
 -3.8418420e-004
  2.8410718e-002
 -4.7605588e-003
 -3.6790801e-003
  1.1644392e-002
 -1.9035301e-002
  3.8151810e-003
 -5.2482221e-003
 -1.9854420e-002
 -9.4648368e-003
 -1.0699462e-002
  1.3573256e-002
 -3.8418420e-004
  2.0749696e-002
 -1.6079573e-002
  6.3725983e-003
  6.3272504e-003
  2.6019990e-002
 -4.7367482e-003
  2.5238921e-002
  4.0701661e-003
 -8.8858295e-003
 -1.4355395e-002
  1.5719224e-002
  1.3365372e-002
 -7.7642915e-003
  4.6823244e-003
 -5.4506928e-003
 -1.9399819e-002
  1.5552626e-003
  6.9166310e-004
 -5.3426939e-003
 -1.0593896e-002
 -2.0007788e-002
  2.0766638e-002
 -2.8013304e-002
 -1.0067854e-002
  5.9321012e-003
  7.9016095e-003
 -1.3629411e-002
 -3.8418420e-004
  2.1963115e-002
 -1.7097665e-002
 -5.8203755e-002
 -5.2178857e-002
  5.8764336e-002
 -5.3599082e-003
 -1.6668069e-002
 -3.6519368e-002
 -4.5701038e-002
 -6.6900380e-003
  5.2489306e-002
  1.2038336e-002
  6.9959231e-003
  7.1851353e-003
  5.8834201e-004
 -2.6231777e-002
 -1.5459846e-002
  2.0906539e-002
  4.8464986e-002
  2.6793271e-003
  6.8834600e-003
 -4.6025841e-002
  8.3792604e-003
 -6.2657906e-004
 -5.5192420e-002
 -6.2914827e-003
  1.8751494e-002
  1.2422017e-002
 -3.6714866e-002
 -7.1412021e-002
 -9.0325852e-003
  2.3973511e-002
 -1.0553297e-002
  1.7412316e-002
  8.2639152e-002
 -1.3836845e-003
 -3.9904942e-002
 -1.2946506e-002
  8.5304003e-003
 -4.0597298e-002
  6.4069415e-002
  6.2181760e-003
 -2.4981888e-002
 -9.5047686e-003
 -6.4599858e-004
  2.6993559e-002
  2.1603464e-003
  2.0986837e-002
 -1.8203704e-002
  2.4129300e-002
 -2.7941038e-002
  8.4665500e-003
 -4.6733292e-003
 -1.9271933e-002
 -5.5508193e-003
  2.5690913e-002
 -2.7236584e-002
 -1.4217107e-002
  1.2411395e-002
 -3.3087520e-002
 -3.6692253e-002
 -2.0603912e-002
  1.0332505e-003
  2.7550593e-002
  4.2880793e-003
  1.4854206e-002
  1.4891471e-002
 -4.9440341e-002
 -2.0130947e-002
  1.3760323e-002
 -4.3245214e-003
 -4.1546996e-002
 -4.3928069e-002
  4.5507809e-002
 -1.0994363e-002
 -5.8013297e-002
  7.4320194e-003
  6.6176583e-002
 -2.4258941e-003
 -5.2523014e-002
  3.0806838e-002
  3.6207049e-002
 -4.4457122e-002
 -2.5632674e-002
 -6.8747030e-003
 -3.9915023e-002
 -3.5510067e-002
  2.5017149e-002
  7.9407929e-002
 -1.2487206e-002
  5.5843643e-002
  7.9265099e-003
  6.2118877e-002
 -9.5412641e-003
  1.7581174e-002
 -2.2687943e-002
 -1.6546705e-002
  1.2512140e-002
 -1.3004379e-002
  2.9801656e-002
 -7.0564090e-002
 -4.9924873e-003
  3.9513596e-002
 -5.9474809e-003
  3.1190162e-002
 -9.6158544e-003
 -7.0429749e-002
 -3.0982145e-002
 -3.5066193e-002
  2.0324329e-002
  2.2000296e-002
 -1.6061321e-002
  2.7482788e-002
 -1.2873196e-002
 -4.5820914e-003
 -8.5302543e-003
 -1.6262380e-002
  3.0228905e-002
 -7.8748559e-003
 -2.9371721e-002
 -4.4170732e-003
  4.7265552e-002
  1.3449738e-002
 -3.3115868e-003
  5.1705735e-003
 -2.6674282e-002
  3.4614242e-002
 -3.8380214e-002
 -6.4064848e-003
 -4.0124513e-002
  4.3575560e-002
 -9.4476904e-003
 -4.6976462e-002
 -1.6410168e-002
  9.5821417e-003
 -8.7363047e-003
 -4.9642200e-002
 -7.2310981e-004
  6.7092419e-003
 -1.4280357e-002
 -3.8418420e-004
 -3.8418420e-004
 -3.8418420e-004
 -4.6839193e-002
  3.3016706e-002
 -3.8418420e-004
 -3.8418420e-004
  4.6230131e-002
 -1.0334515e-002
  1.7128241e-002
 -1.5898606e-002
 -5.6838372e-002
  3.1295229e-003
  2.0099087e-002
  1.6989784e-002
 -1.0226449e-002
 -3.3321812e-002
  7.6902848e-003
 -2.5522700e-002
  1.3856000e-002
  6.3095170e-003
 -2.4190602e-002
 -3.4025382e-002
 -2.6760996e-002
  4.1872523e-003
  6.8114537e-003
  2.9357785e-002
 -2.2607321e-002
  2.0372677e-002
  1.3821118e-002
 -3.2728054e-002
  3.3405296e-002
 -3.3426838e-002
 -3.4556074e-002
 -4.2541581e-003
  5.4151748e-003
 -2.5365967e-002
 -3.0476725e-002
  5.2760756e-002
  1.1518433e-002
 -1.0357416e-002
 -3.7294538e-002
 -2.4676877e-002
  4.8796224e-002
 -2.0085373e-002
 -3.9719895e-003
 -5.5383682e-002
  6.0984762e-002
  3.0868360e-002
  1.2987553e-002
 -8.7154086e-002
 -1.0367628e-002
 -3.0946834e-002
 -6.4369480e-003
 -3.0315996e-002
 -4.7968641e-002
 -1.0746971e-002
  7.4839237e-002
  2.9042431e-002
  2.3632138e-002
  3.9604824e-002
  5.0308930e-002
  2.3659048e-002
  3.1758832e-002
 -8.2375830e-002
  3.6763491e-002
 -9.4476904e-003
  2.2678348e-003
 -3.4156378e-003
 -3.5529721e-002
  2.2158551e-002
  5.8566116e-002
  6.8360638e-003
  1.7794894e-002
  7.0843325e-002
 -4.7530962e-002
 -1.2177592e-002
  2.7511606e-003
  6.5482526e-003
  2.8218379e-002
  1.1959592e-002
 -1.6764293e-002
  2.2275899e-002
 -3.8418420e-004
 -3.8418420e-004
  1.9195851e-003
  9.4294372e-003
 -4.3283530e-002
 -1.3036088e-002
  3.7763902e-002
 -1.8770127e-002
  7.3456476e-003
 -3.8418420e-004
 -1.4884522e-002
 -6.5170825e-003
 -1.1035376e-002
 -3.0184812e-002
  1.0587436e-002
  4.4021666e-002
 -8.4978190e-003
 -1.1649024e-002
 -2.7900970e-003
  4.0793425e-003
 -1.7661739e-002
 -5.8137366e-002
 -2.9230537e-002
  6.4340240e-003
  2.3488639e-002
 -1.0758490e-002
  4.0751320e-003
  2.2079298e-003
  1.3935870e-002
  1.6605200e-002
  5.0962872e-002
 -3.8418420e-004
 -2.4291747e-003
  1.1486398e-002
  9.6352490e-004
  4.5354994e-002
 -2.0199677e-002
  1.1681836e-002
  1.6968437e-002
  5.7107777e-004
  2.1587288e-003
  2.6860338e-002
  1.4335493e-002
  1.5920525e-002
 -4.4155517e-002
  1.1744716e-002
 -1.6274844e-002
  1.7359472e-002
 -3.7839711e-003
  3.6989146e-002
 -4.5682907e-003
  2.9048007e-003
 -2.9766882e-002
  3.4060309e-002
  1.1425814e-002
  1.9665885e-002
  1.0488598e-002
  7.5523654e-003
 -3.4266265e-002
 -1.2135201e-002
  1.6319501e-002
  8.5844858e-003
 -6.7407500e-003
 -6.7814145e-003
 -1.6855145e-002
  4.9396971e-003
 -2.2756482e-002
  9.8199858e-003
 -3.6741528e-003
  1.5073912e-002
  9.3032540e-003
 -1.3321736e-002
 -1.1394562e-002
  3.7961742e-003
  2.6080166e-002
 -3.5813966e-003
 -1.5638220e-002
 -1.2713645e-003
  6.9850459e-003
 -1.5177353e-002
 -6.9631553e-003
 -6.8425922e-004
  1.1549132e-002
  2.2773820e-002
  1.1998984e-002
 -4.6864997e-003
  1.6715121e-002
  2.2521845e-002
 -6.6038915e-004
  3.6230075e-002
 -7.3323682e-003
 -6.8410266e-003
 -2.3593417e-002
 -6.2021809e-003
 -2.0527052e-003
  1.2843368e-003
  1.1767305e-002
  1.9994187e-002
  3.1902293e-002
 -3.8418420e-004
 -2.8108732e-002
 -8.1788749e-003
 -1.6706636e-002
 -2.5941131e-002
  1.9396375e-002
 -2.7790821e-002
  4.1419904e-003
  7.2075857e-003
  7.4283555e-003
  1.2319660e-002
  2.6299296e-003
 -4.7151771e-002
 -2.0949717e-002
 -4.8954881e-002
  1.7640443e-003
  1.5732935e-002
  2.0261815e-003
 -2.4136823e-002
  3.9192043e-002
 -2.3153292e-002
  4.3777681e-002
  6.8381497e-003
 -1.3713851e-002
  1.9468192e-003
  2.7172095e-002
 -1.2919961e-002
  5.9033472e-003
 -1.2392505e-003
  8.9815718e-003
  7.4943034e-003
 -1.9626430e-002
 -1.2167623e-002
 -1.7882443e-002
 -1.8562881e-003
 -5.9980267e-003
 -1.3807204e-002
  5.6038576e-003
  1.5606681e-002
 -1.3692084e-002
  7.3264115e-003
  1.7185814e-002
  3.7495897e-002
  5.7456762e-003
 -2.1153945e-002
  2.5925758e-002
  3.4897630e-002
 -8.6852092e-003
  1.7646214e-003
  8.9629262e-003
 -3.8457773e-003
  3.6088998e-003
 -3.3608037e-002
 -8.1041012e-003
  1.5513895e-003
 -7.3142189e-003
  2.3935954e-003
  2.5626865e-002
  1.5701954e-002
 -2.0532616e-002
  1.6834428e-002
 -2.0864555e-002
  1.0447224e-002
 -2.6026615e-002
  1.0334621e-002
  2.8909279e-003
 -9.6916700e-003
 -1.1168196e-002
 -7.6386803e-003
  4.9223497e-003
  2.9255746e-002
  1.5069416e-003
 -1.1431508e-004
 -3.6274303e-003
 -1.2914994e-002
  1.3769563e-002
  2.3148728e-003
 -3.8943809e-003
 -1.1959824e-003
 -3.8418420e-004
 -3.8418420e-004
 -3.8418420e-004
  4.2761398e-004
 -6.3527315e-003
 -3.8418420e-004
 -3.8418420e-004
  1.4470917e-002
  4.6967199e-003
 -4.0939476e-002
 -1.4370426e-002
 -5.1844193e-003
 -9.4829106e-003
 -1.2414496e-003
  1.8588493e-002
  1.6306050e-002
 -1.2121131e-003
  1.3053561e-002
 -8.8646071e-003
 -1.1434020e-002
 -1.4959131e-003
 -1.2132571e-002
 -6.0275400e-003
 -1.0125875e-004
  6.3821230e-003
  5.7783003e-003
 -7.9525455e-003
 -1.0281056e-002
  1.1199503e-002
 -2.5125955e-002
 -1.7225465e-002
 -1.6620703e-002
  8.5047632e-003
 -6.5981412e-003
 -3.0591746e-003
  1.2919782e-002
 -2.1478531e-003
 -9.2494905e-003
 -2.4641136e-003
  6.4336872e-003
 -6.7964882e-004
  1.0782550e-002
 -1.8073324e-002
  3.1787649e-003
 -1.4111645e-002
  2.0167773e-003
  1.7147093e-002
  1.2201962e-002
  3.3899530e-003
  3.3237216e-002
 -1.5055748e-003
  2.6966192e-003
 -5.4304523e-003
  1.1906474e-002
 -9.0277623e-003
 -2.4761808e-002
 -3.5127132e-002
  1.4653693e-002
 -2.4074957e-002
  2.0103096e-003
  2.8492307e-002
 -7.6717839e-003
 -5.9584982e-003
 -2.6917265e-002
 -1.4685356e-002
  2.3702169e-003
  8.1368655e-003
 -4.9400007e-003
  1.5620989e-002
  2.0095931e-003
 -1.1503758e-002
  2.4094650e-002
  2.2933690e-002
  9.6488658e-003
 -1.1570304e-002
 -2.1959365e-002
  1.8302491e-002
 -3.8418420e-004
 -3.8418420e-004
  2.0229200e-002
 -1.7820670e-002
  1.0513544e-002
  1.0409265e-003
  3.5953549e-003
  1.1460286e-002
  6.0431119e-003
  2.2744600e-002
  1.8489388e-002
 -2.0347081e-002
  8.0272071e-003
 -1.0431791e-002
 -1.8005785e-002
 -1.2178650e-003
  1.2872017e-002
 -4.5079014e-003
  9.9227850e-004
 -3.6802774e-002
  6.1564335e-003
 -2.8263558e-002
  7.4544392e-003
 -3.2802187e-003
  9.4283043e-003
 -1.2519554e-002
 -1.5025734e-002
  1.2802820e-002
  2.4059880e-002
 -2.0181129e-002
 -5.3224658e-003
  3.1041914e-003
 -1.0592819e-002
  1.9929921e-002
  5.0591755e-003
 -8.9925587e-003
  5.3629581e-003
 -8.4394637e-003
 -1.2511110e-003
 -7.0557100e-003
  6.8653763e-003
  1.6235110e-002
 -1.8060528e-003
  6.1397363e-003
  6.3783099e-003
 -1.7892708e-003
 -1.7973290e-002
  5.0389774e-003
  5.2928109e-003
 -1.0117868e-004
 -2.0834200e-003
 -3.7913425e-003
 -1.2113685e-002
  8.4971233e-003
  1.6304083e-002
 -7.4215109e-003
  2.3067477e-002
  2.0961809e-003
  7.1622860e-004
 -9.4990105e-003
 -9.8629282e-003
  1.0153962e-003
 -1.4185276e-002
  8.6503211e-003
  8.0121708e-003
 -6.6292985e-004
 -1.2162223e-002
  1.1393855e-002
 -8.5017935e-003
 -2.6351700e-003
 -6.6591402e-004
 -7.1696216e-003
  1.8827479e-003
  8.3519570e-003
 -8.8373199e-003
  7.5076268e-003
 -1.1109661e-002
  1.0902618e-002
  2.9468779e-002
  1.0719518e-002
 -6.0560428e-003
 -2.8248634e-003
  5.3014951e-003
 -3.9756096e-002
 -1.6520415e-002
 -3.3754464e-002
 -8.9781028e-003
  1.0861865e-002
 -1.1630233e-002
 -3.9620055e-003
 -9.6865769e-003
  1.6950380e-002
 -4.5409598e-003
 -3.8418420e-004
 -5.1560394e-003
 -6.3812037e-003
  1.8090716e-002
  7.5558663e-003
  1.0793021e-003
  7.7719927e-003
  1.9339855e-003
 -7.3548775e-003
 -1.2701055e-002
  1.0182395e-002
  5.7284822e-003
  3.0920650e-003
  4.8076359e-003
  1.3404497e-003
  3.6284322e-003
 -1.4209289e-002
  1.9333139e-003
  2.0801836e-002
  1.8795406e-003
 -1.9214983e-002
  1.3630059e-002
  1.8367499e-004
 -3.7961864e-003
 -9.8276655e-003
 -1.5740128e-002
 -1.9544682e-002
  5.2546496e-003
 -6.3206813e-003
 -7.2550103e-003
  1.0052768e-002
 -1.8645431e-002
  2.7031121e-002
  1.7964955e-002
  4.2227920e-003
 -4.4141263e-003
  3.9329904e-003
 -1.5430764e-002
 -2.4270858e-003
 -2.1046076e-002
  6.1556726e-003
 -2.1635441e-003
  4.3537577e-003
 -6.0129948e-003
  9.6661518e-003
 -1.3409827e-002
 -9.8030940e-004
 -6.0651682e-003
 -2.9901008e-002
  1.0061379e-002
  1.6585920e-002
  1.1860257e-002
 -1.6542525e-002
  1.6960748e-002
  1.6889692e-003
 -2.4034441e-002
 -1.9036307e-002
 -1.9285861e-003
  6.3934141e-003
 -9.9843483e-004
  6.6570205e-003
  1.3852010e-002
 -1.1270291e-002
 -4.3445854e-003
 -8.6600935e-003
 -4.3934417e-003
 -7.5208451e-005
 -1.0022312e-003
 -4.7212418e-003
 -1.2880442e-002
 -6.9860017e-004
  2.7555358e-003
 -2.2668330e-003
  7.7484850e-003
 -1.0403053e-002
  4.9508355e-003
  1.3910652e-002
 -9.9951712e-003
 -5.3810715e-003
  2.4296366e-003
  2.3371368e-002
 -7.4210803e-003
  5.3648488e-004
  2.6786053e-003
  8.7482994e-003
 -6.4632303e-003
  2.6599582e-003
 -1.4464613e-002
  6.6808122e-003
  3.2821810e-003
  1.6250102e-002
 -2.7865878e-003
 -3.8418420e-004
 -2.7923732e-003
  3.5261832e-003
 -3.6919605e-003
 -3.8418420e-004
 -3.8418420e-004
  1.6046357e-002
  1.9273189e-002
  3.0960977e-003
  4.5255730e-003
 -3.5583320e-003
 -3.2785422e-003
 -1.1459785e-002
 -8.3289075e-003
 -1.3168660e-002
  1.1809276e-002
 -5.1249338e-003
 -1.0533525e-002
 -1.0940759e-002
 -6.4669280e-003
 -8.3474728e-003
  8.4507230e-004
  9.3958449e-003
 -2.0040837e-002
  2.0941318e-003
 -9.0852957e-003
  3.6650349e-003
  1.8094937e-002
 -5.5853585e-003
  2.6786053e-003
  4.8011256e-003
  1.0809398e-002
 -1.5882783e-003
 -7.0327430e-003
  5.3603516e-003
  5.1983876e-004
 -6.7295749e-003
 -1.5974085e-003
 -9.5305894e-003
  1.4518016e-003
 -3.1394286e-003
  2.0652965e-003
 -1.2692032e-002
 -2.5537186e-003
 -2.8694293e-003
  5.5082193e-003
 -7.5017401e-005
  3.9341445e-003
  1.4584783e-002
  7.1675810e-003
 -4.3039842e-003
 -3.8418420e-004
  5.9401856e-003
 -6.7085540e-003
  2.9379918e-002
  1.8210193e-002
 -4.4222629e-003
 -2.1197935e-003
 -9.6919885e-003
 -5.0707774e-003
  1.1291372e-002
  1.0869722e-002
  1.6121598e-002
 -1.2312829e-003
  1.8731531e-003
 -3.8418420e-004
 -3.8418420e-004
 -4.9039659e-003
 -9.5059600e-004
 -7.4915347e-003
  1.0413328e-003
 -4.3807639e-003
  7.8767943e-003
 -3.2250952e-003
 -2.0926129e-003
 -9.2578649e-003
  3.3466280e-003
 -8.1484216e-003
 -2.9857177e-003
  5.3878376e-003
 -2.2497392e-002
 -2.6615196e-002
  8.9349874e-003
 -7.8928544e-003
 -5.2194913e-003
  6.2583523e-003
  1.1193494e-003
 -1.2172140e-002
 -7.7079887e-003
 -1.1471455e-002
  1.2233309e-002
  8.1420550e-003
  4.4555107e-003
  4.4322008e-003
  4.1102054e-003
  9.1368636e-003
 -6.9201552e-003
 -7.5633954e-003
  7.6888152e-003
  1.5568887e-002
 -9.2155634e-003
 -3.6419984e-003
  4.9412722e-003
  1.1349597e-002
  3.1092691e-003
  5.1222781e-003
  5.3795205e-003
 -1.5342706e-003
 -4.9978025e-003
  5.6668356e-003
  3.3434187e-003
  5.0389774e-003
  1.6064321e-003
  2.2366411e-002
  1.6413678e-002
 -1.2748677e-002
  5.4049429e-003
  1.6244249e-002
 -4.4475787e-003
 -2.5580981e-003
  7.2039281e-003
  8.7532080e-003
 -3.8680414e-003
 -2.2094670e-002
  7.5404371e-003
 -3.3826872e-003
 -6.9577494e-003
  1.6239717e-002
  1.0903224e-002
  3.3501493e-003
 -2.0825993e-002
 -6.3803864e-003
  1.4000648e-002
  9.0030377e-003
  6.7976528e-003
  9.1120623e-003
  2.0658286e-002
 -8.9036626e-003
  9.1132060e-004
 -2.7682467e-002
  2.3282448e-002
  1.3038836e-002
 -1.4067113e-002
  8.4150444e-003
  6.8045502e-003
 -6.4003683e-004
 -6.4010231e-004
  5.4854256e-003
  3.1718267e-003
 -5.2132697e-003
 -8.5704668e-003
  8.3115228e-003
 -1.6815876e-002
 -4.5346441e-003
  6.8678548e-003
 -1.2615298e-004
  5.0191481e-003
  1.6157738e-002
 -4.3448721e-002
 -2.2228420e-002
 -1.0943372e-002
  1.3938450e-002
  8.4311527e-003
 -8.6630404e-003
 -8.1914657e-003
 -7.4360171e-003
 -1.0231091e-002
 -5.0680335e-003
  8.6880430e-003
  7.2494407e-003
  9.8834008e-003
  3.3721926e-003
 -5.7547664e-003
 -4.1608275e-003
 -1.2073864e-002
 -1.9432379e-002
  2.9547171e-003
 -1.4959131e-003
  1.2326681e-002
 -2.3080545e-003
 -1.4852028e-003
  1.6005148e-002
  5.0197738e-003
  1.0336905e-002
 -6.8030348e-003
  3.6324232e-003
 -4.1325152e-003
 -2.2625405e-002
  1.8075975e-003
  1.2565053e-003
  9.4038222e-003
 -6.5478358e-004
  2.4737394e-002
 -1.1797712e-002
  4.1634953e-004
  1.4914915e-004
  2.6445411e-002
 -4.0243338e-003
  1.2813058e-002
 -1.1556900e-003
  4.4919964e-003
  4.4683346e-003
  1.7793544e-002
 -1.2212685e-002
 -2.2138081e-002
  1.9416987e-003
 -5.0413724e-003
 -4.5421943e-003
 -1.9479062e-003
  1.9604828e-003
 -4.8176248e-003
 -4.8373677e-003
 -5.3848526e-003
 -1.4199494e-002
 -1.4664367e-002
 -1.1986270e-003
  7.9999082e-003
 -9.3116072e-003
  7.7349402e-003
 -1.1769506e-002
 -4.7557759e-003
 -9.1851211e-003
  7.2017810e-004
  2.6465386e-003
 -1.8427699e-002
 -1.5625800e-002
  2.5722562e-002
  1.5831645e-002
 -9.4216276e-003
 -1.1171178e-002
  2.4064225e-002
  3.1374231e-003
  2.8555595e-003
 -3.8418420e-004
  5.2602334e-003
  8.6873828e-003
  9.9210988e-003
 -1.5748725e-002
 -4.3964940e-003
 -3.3368102e-003
  6.9050690e-004
 -1.1900943e-003
 -1.1547534e-004
  2.2989406e-003
  3.6270526e-003
  8.1197204e-003
  4.0936167e-004
  2.7837171e-003
 -1.3917627e-002
 -6.5138527e-004
  4.9463188e-003
 -3.8418420e-004
 -4.6463111e-003
 -5.2008914e-003
 -1.0629623e-002
  2.3221774e-003
 -2.5486872e-003
  2.3207133e-003
 -7.4321939e-003
  2.3324706e-003
  1.5826225e-004
 -3.8418420e-004
  1.5796816e-004
  5.5601727e-003
  7.3979562e-003
 -1.0053881e-002
  9.0181685e-003
 -5.4773463e-003
  6.0449834e-003
 -4.1295069e-003
  1.2134291e-002
 -3.0345966e-003
 -3.5739796e-003
 -4.6531341e-003
 -6.0149807e-003
 -1.4603210e-003
 -4.4300427e-003
 -1.1800454e-002
 -1.1655781e-002
 -2.0443949e-003
 -6.4953143e-003
 -6.6285217e-004
  1.5648628e-003
  2.2712801e-002
  3.1431563e-003
 -3.8418420e-004
  1.2396321e-003
  6.3534777e-003
  6.8418609e-003
  1.0225995e-002
  8.8082640e-003
  1.0019031e-002
  7.8611601e-003
 -6.3036456e-003
  1.0143580e-002
  1.0791955e-002
  2.5545965e-002
 -1.4762220e-002
 -1.2188917e-002
 -1.3156326e-004
 -1.3162706e-004
  3.7310474e-004
 -9.2551079e-003
  7.7294506e-003
 -1.9004847e-003
  5.1643798e-003
  5.8838569e-003
  7.8299255e-003
  3.3273133e-003
 -2.1600505e-002
 -9.5074102e-003
  1.9044373e-003
 -3.6916545e-003
 -2.4250012e-003
  2.8807622e-002
  5.5505513e-003
  3.3072190e-003
  2.7711634e-002
  1.9245156e-002
  8.4090219e-005
 -1.0264293e-002
  9.4959244e-003
 -1.5012920e-004
  5.0710167e-002
  1.0233036e-002
  1.1861760e-002
 -2.5919360e-002
 -5.7497236e-003
  5.6500279e-003
  1.4873160e-002
 -3.0209689e-003
  1.3382012e-002
 -8.8837450e-003
  2.0204513e-003
 -1.1582018e-002
 -2.7918100e-002
  1.0900070e-002
  1.6335275e-003
 -4.6485830e-003
  6.5557209e-005
 -3.8418420e-004
 -3.8418420e-004
 -6.6990451e-003
  7.5031806e-003
  1.8515767e-002
 -9.0116019e-003
 -1.1779682e-002
 -5.1144554e-003
  1.3294693e-002
 -1.6549781e-002
 -2.4901393e-002
 -3.8418420e-004
  6.5506564e-003
 -2.7233001e-002
  8.5675835e-003
  3.5947561e-003
 -1.0007542e-002
  1.5526306e-002
  6.0943206e-003
 -1.6191115e-002
 -3.8836682e-002
 -5.7552909e-003
  3.0371290e-003
 -5.0150672e-002
  2.1427485e-002
  1.3704221e-003
 -1.9600957e-002
  1.1291076e-002
 -1.4871666e-002
  1.4355600e-002
  4.2091337e-002
 -9.6142716e-003
 -2.3839154e-002
  2.3599862e-003
 -1.1154482e-002
 -6.9531821e-003
 -1.0319306e-002
 -3.1059841e-002
 -3.8219768e-003
 -7.0287269e-003
  2.1768621e-002
 -8.2396841e-003
 -2.9186175e-002
 -1.1265684e-002
  3.1646545e-002
  3.5814522e-003
  8.5467919e-003
  5.8723534e-003
 -9.5214361e-003
  6.6430870e-004
 -1.4326771e-003
 -5.6432024e-003
 -1.2052309e-002
  2.5456354e-003
  2.1710350e-002
  1.5616157e-002
 -2.9476309e-003
  4.2252990e-003
 -1.6870905e-002
  1.5591420e-002
 -9.3712777e-003
  6.0433993e-003
 -1.1465344e-002
  1.2489320e-002
 -5.2566134e-003
 -1.7234874e-002
 -5.6266602e-003
 -9.6251741e-003
  1.8273564e-002
  1.1766902e-003
 -2.1133451e-002
  2.2701836e-002
  7.6230909e-003
 -5.2842585e-003
  2.8160058e-002
  1.1852203e-002
  2.5897957e-003
 -1.6348604e-002
  3.3804080e-003
 -1.2481106e-002
  1.1359580e-003
 -2.0328593e-002
  3.9030919e-004
  1.2691249e-002
 -9.3390861e-003
  1.6697318e-003
  3.7110352e-003
 -3.8418420e-004
  1.0791955e-002
  9.1684274e-003
  4.1090835e-003
 -9.3910002e-003
  1.0613178e-002
 -2.1256948e-003
  6.8109839e-003
 -1.3735486e-003
 -2.3658544e-003
  1.1024365e-003
  1.1002297e-003
 -6.3143355e-004
  6.0444663e-004
