  2.1524500e-002
  2.7299117e-002
  2.6573917e-002
  2.9436895e-002
  2.9163138e-002
  2.8440382e-002
  2.8764055e-002
  2.9541124e-002
  3.0926209e-002
  3.4088038e-002
  3.2973186e-002
  3.2096793e-002
  3.1185525e-002
  3.2193990e-002
  3.1410050e-002
  3.1484929e-002
  3.0475305e-002
  2.9841114e-002
  2.9087769e-002
  2.8138349e-002
  2.7719873e-002
  2.6909156e-002
  2.6060903e-002
  2.5343081e-002
  2.9071436e-002
  2.8322776e-002
  3.4351924e-002
  3.3409398e-002
  3.2398594e-002
  3.1357201e-002
  3.0909023e-002
  3.0779529e-002
  2.9775537e-002
  2.9431343e-002
  3.0115152e-002
  2.9188999e-002
  2.8521166e-002
  2.7618778e-002
  2.8182314e-002
  2.7403477e-002
  2.6782213e-002
  2.6445072e-002
  2.6410615e-002
  2.7431271e-002
  2.6612912e-002
  2.6126849e-002
  2.5303105e-002
  2.4908928e-002
  2.5501666e-002
  2.4738388e-002
  2.4061774e-002
  2.3330693e-002
  2.2600703e-002
  2.2894912e-002
  2.3114377e-002
  2.3691775e-002
  2.3372103e-002
  2.4037961e-002
  2.3269389e-002
  2.4964061e-002
  2.6442202e-002
  2.7205015e-002
  2.7330300e-002
  2.8686745e-002
  2.7752932e-002
  2.6850168e-002
  2.5979045e-002
  2.5751792e-002
  2.5136503e-002
  2.4994075e-002
  2.4762445e-002
  2.4186777e-002
  2.3426963e-002
  2.2982495e-002
  2.2711770e-002
  2.1994552e-002
  2.1361065e-002
  2.2630462e-002
  2.1932491e-002
  2.1453816e-002
  2.1822005e-002
  2.1468979e-002
  2.0853765e-002
  2.0354904e-002
  1.9999459e-002
  2.0282348e-002
  1.9705481e-002
  1.9092188e-002
  1.9424013e-002
  1.9848734e-002
  2.0093216e-002
  2.0750225e-002
  2.0170938e-002
  1.9902061e-002
  1.9277971e-002
  1.8676507e-002
  1.8128678e-002
  1.7614780e-002
  1.7524700e-002
  1.8682872e-002
  1.9229672e-002
  1.8629963e-002
  1.8770898e-002
  1.8558594e-002
  1.9190617e-002
  1.9408960e-002
  1.8915432e-002
  1.8335081e-002
  1.9674462e-002
  1.9058612e-002
  1.9463229e-002
  1.9588260e-002
  2.1544596e-002
  2.2648142e-002
  2.2219703e-002
  2.1938704e-002
  2.1259927e-002
  2.0647497e-002
  2.0454617e-002
  1.9847449e-002
  1.9712150e-002
  2.4876555e-002
  2.5289374e-002
  2.5584210e-002
  2.6914426e-002
  2.6705136e-002
  2.5935083e-002
  2.5492746e-002
  2.4674066e-002
  2.5958843e-002
  2.5336999e-002
  2.4767418e-002
  2.4252374e-002
  2.4328534e-002
  2.3939739e-002
  2.3399030e-002
  2.3632948e-002
  2.5891760e-002
  2.5068002e-002
  2.4494233e-002
  2.3706088e-002
  2.3365775e-002
  2.2757518e-002
  2.2089630e-002
  2.5308097e-002
  2.4969993e-002
  2.5007269e-002
  2.5305469e-002
  2.4536084e-002
  2.4156759e-002
  2.6385161e-002
  2.5636710e-002
  2.5547333e-002
  2.6113809e-002
  2.7526340e-002
  2.6993591e-002
  2.6454938e-002
  2.6530066e-002
  2.6227843e-002
  2.7076199e-002
  2.6257723e-002
  2.5423230e-002
  2.4866295e-002
  2.4247724e-002
  2.3479326e-002
  2.3266071e-002
  2.2578046e-002
  2.1857845e-002
  2.1262712e-002
  2.1281058e-002
  2.2801760e-002
  2.2079516e-002
  2.1451501e-002
  2.1141952e-002
  2.2099073e-002
  2.4192284e-002
  2.3532855e-002
  2.3656544e-002
  2.5496624e-002
  2.5502737e-002
  2.5082019e-002
  2.4466985e-002
  2.5571514e-002
  2.5531147e-002
  2.6895207e-002
  2.6550678e-002
  2.5941701e-002
  2.5230396e-002
  2.5452338e-002
  2.5726830e-002
  2.7317813e-002
  2.6625178e-002
  2.6043103e-002
  2.5208569e-002
  2.4828955e-002
  2.4144781e-002
  3.0195061e-002
  2.9345953e-002
  2.8477441e-002
  2.7571853e-002
  2.6721628e-002
  2.5997937e-002
  2.5306610e-002
  2.4764600e-002
  2.4930068e-002
  2.4352156e-002
  2.3568991e-002
  2.3173822e-002
  2.3470875e-002
  2.3550036e-002
  2.3346568e-002
  2.2665689e-002
  2.3370863e-002
  2.2829223e-002
  2.4948807e-002
  2.4536790e-002
  2.3891403e-002
  2.4885938e-002
  2.5005979e-002
  2.4307489e-002
  2.3741949e-002
  2.3013455e-002
  2.2721768e-002
  2.2077970e-002
  2.4530252e-002
  2.7541896e-002
  2.7674538e-002
  2.7132385e-002
  2.6328987e-002
  2.5848506e-002
  2.5570213e-002
  2.5826251e-002
  2.5465004e-002
  2.4925377e-002
  2.4136931e-002
  2.4340327e-002
  2.3591645e-002
  2.3563002e-002
  2.4844327e-002
  2.4163931e-002
  2.4026616e-002
  2.3391350e-002
  2.2815606e-002
  2.3008299e-002
  2.2904275e-002
  2.2187223e-002
  2.4701335e-002
  2.4188424e-002
  2.4042751e-002
  3.6501468e-002
  3.6017492e-002
  3.5099114e-002
  3.3979366e-002
  3.4177455e-002
  3.4938777e-002
  3.3786274e-002
  3.2694393e-002
  3.1711625e-002
  3.1190922e-002
  3.0168266e-002
  2.9181183e-002
  3.0958607e-002
  3.1732272e-002
  3.1119107e-002
  3.0112787e-002
  2.9132748e-002
  2.9828989e-002
  2.8870157e-002
  2.8178109e-002
  2.8215041e-002
  2.7365342e-002
  2.6483828e-002
  2.5767586e-002
  2.5504721e-002
  2.7968241e-002
  2.7425111e-002
  2.8392082e-002
  3.1306986e-002
  3.2479441e-002
  3.1486911e-002
  3.1436761e-002
  3.3841326e-002
  3.3317199e-002
  3.2229061e-002
  3.4277897e-002
  3.3239792e-002
  3.2357531e-002
  3.1313747e-002
  3.0286824e-002
  3.0462030e-002
  2.9536429e-002
  2.8735566e-002
  2.8031601e-002
  2.7752082e-002
  2.7156719e-002
  2.8019754e-002
  2.9890850e-002
  2.8964991e-002
  2.9127338e-002
  2.8176537e-002
  2.7271727e-002
  2.7740847e-002
  2.7331588e-002
  2.6539877e-002
  2.5680175e-002
  2.6326862e-002
  2.5556112e-002
  2.5180744e-002
  2.4753646e-002
  2.3972374e-002
  2.3687855e-002
  2.3158005e-002
  2.3494315e-002
  3.9524029e-002
  3.8612154e-002
  4.0051283e-002
  3.9156561e-002
  4.2322142e-002
  4.2120146e-002
  4.1482753e-002
  4.0210298e-002
  4.0047864e-002
  3.8981830e-002
  3.8809163e-002
  3.7692779e-002
  3.6931247e-002
  3.5709984e-002
  3.4998605e-002
  3.4290631e-002
  3.4070707e-002
  3.3653683e-002
  3.3768010e-002
  3.2659463e-002
  3.1587039e-002
  3.0720276e-002
  3.1263846e-002
  3.0496435e-002
  3.1405381e-002
  3.0389591e-002
  2.9394646e-002
  2.8434520e-002
  2.7507914e-002
  2.7205768e-002
  2.6379983e-002
  2.5656675e-002
  2.5359208e-002
  2.4540524e-002
  2.8426321e-002
  2.8186711e-002
  2.7918866e-002
  2.9093560e-002
  2.8268541e-002
  2.8746832e-002
  2.8537961e-002
  2.7758694e-002
  2.7920764e-002
  2.7207406e-002
  2.7202806e-002
  2.9539624e-002
  2.9789101e-002
  2.8895853e-002
  2.7968320e-002
  2.7162640e-002
  2.8711073e-002
  2.8088620e-002
  2.7371717e-002
  2.6507155e-002
  2.5662874e-002
  2.4901944e-002
  2.4425145e-002
  2.4318422e-002
  2.4210243e-002
  2.3483066e-002
  2.3980433e-002
  2.3230403e-002
  2.3123375e-002
  2.2747865e-002
  2.3143610e-002
  2.2445643e-002
  2.1737362e-002
  2.4180748e-002
  2.3581019e-002
  2.2913041e-002
  2.2419082e-002
  2.1823850e-002
  2.1608628e-002
  2.0985196e-002
  2.0618812e-002
  2.0165548e-002
  2.2636971e-002
  2.4103197e-002
  2.3988011e-002
  2.4379790e-002
  2.3606931e-002
  3.0180670e-002
  3.1631380e-002
  3.0593515e-002
  3.1424367e-002
  3.2260340e-002
  3.1222559e-002
  3.1634661e-002
  3.0896061e-002
  3.0232920e-002
  2.9665932e-002
  3.2304445e-002
  3.1967924e-002
  3.1100408e-002
  3.0562839e-002
  2.9667706e-002
  2.8738710e-002
  2.7976756e-002
  2.7315868e-002
  2.7018991e-002
  2.6843931e-002
  2.6798878e-002
  2.5936267e-002
  2.5174777e-002
  2.4375091e-002
  2.4193380e-002
  2.3460629e-002
  2.2994142e-002
  2.2706282e-002
  2.2210191e-002
  2.2244326e-002
  2.1536096e-002
  2.2084381e-002
  2.1398955e-002
  2.1193170e-002
  2.0574649e-002
  2.0146665e-002
  1.9522117e-002
  1.9054071e-002
  1.8676682e-002
  2.2283750e-002
  2.1671465e-002
  2.1075727e-002
  2.0965437e-002
  2.0342135e-002
  1.9858025e-002
  2.0633650e-002
  1.9982945e-002
  1.9625445e-002
  1.9243593e-002
  2.0717347e-002
  2.0557574e-002
  2.0318126e-002
  1.9694829e-002
  2.0437540e-002
  2.3564070e-002
  2.4924795e-002
  2.4208498e-002
  2.3561007e-002
  2.3209091e-002
  2.3404957e-002
  2.4271268e-002
  2.4053646e-002
  2.4047026e-002
  2.3274706e-002
  2.4362920e-002
  2.3689488e-002
  2.6742723e-002
  2.5949569e-002
  2.5122826e-002
  2.4325523e-002
  2.3694685e-002
  2.4180094e-002
  2.3515119e-002
  2.2863287e-002
  2.3381747e-002
  2.3523121e-002
  2.3508741e-002
  2.2965532e-002
  2.2255948e-002
  2.1639497e-002
  2.0972433e-002
  2.0608338e-002
  2.0019006e-002
  2.0459821e-002
  2.0039908e-002
  1.9811181e-002
  2.0409009e-002
  1.9766984e-002
  1.9530215e-002
  1.9197221e-002
  1.8616029e-002
  1.8193254e-002
  1.7939459e-002
  1.9285133e-002
  1.8876843e-002
  1.9408035e-002
  1.9837580e-002
  2.0757171e-002
  2.0354598e-002
  2.2334077e-002
  2.1629473e-002
  2.0961932e-002
  2.0687542e-002
  2.1357291e-002
  2.0711665e-002
  2.6012569e-002
  2.5760356e-002
  2.5653674e-002
  2.6676471e-002
  2.6021724e-002
  2.5599061e-002
  2.7081526e-002
  2.6281417e-002
  2.5450572e-002
  2.5058622e-002
  2.4314842e-002
  2.4162665e-002
  2.3482792e-002
  2.4878089e-002
  2.5880733e-002
  2.5766010e-002
  2.5247294e-002
  2.4432556e-002
  2.3646591e-002
  3.1719733e-002
  3.3948297e-002
  3.3467774e-002
  3.2366148e-002
  3.1710124e-002
  3.0746744e-002
  3.0164199e-002
  3.3709386e-002
  3.2631091e-002
  3.1688992e-002
  3.1568538e-002
  3.1640296e-002
  3.0605330e-002
  3.0097064e-002
  2.9442134e-002
  3.0431148e-002
  2.9434767e-002
  2.8660331e-002
  2.9454398e-002
  2.8754211e-002
  2.8161580e-002
  2.7546708e-002
  2.6705065e-002
  2.5934617e-002
  2.5111623e-002
  2.4303390e-002
  2.4163000e-002
  2.3782363e-002
  2.3019422e-002
  2.3116194e-002
  2.2376908e-002
  2.1722293e-002
  2.1079440e-002
  2.0719251e-002
  2.0646339e-002
  2.0408410e-002
  2.0765928e-002
  2.2020629e-002
  2.2160610e-002
  2.1526284e-002
  2.0863600e-002
  2.0895719e-002
  2.0235590e-002
  2.1546212e-002
  2.0899201e-002
  2.0427168e-002
  2.0476393e-002
  1.9945004e-002
  1.9356461e-002
  2.0683773e-002
  2.0041436e-002
  2.0895740e-002
  2.0307762e-002
  2.0369452e-002
  2.0103877e-002
  2.6649191e-002
  2.5844215e-002
  2.5019998e-002
  2.4232127e-002
  2.3643721e-002
  2.3531550e-002
  2.6917531e-002
  2.7126145e-002
  2.6559231e-002
  2.8614826e-002
  2.7728718e-002
  2.7175122e-002
  2.8792854e-002
  2.7890393e-002
  2.8433650e-002
  2.7841435e-002
  2.7311716e-002
  2.6469831e-002
  2.6379856e-002
  2.5605367e-002
  2.5103289e-002
  2.4845780e-002
  2.4045211e-002
  2.3272956e-002
  2.2533981e-002
  2.1880471e-002
  2.1430530e-002
  2.1131303e-002
  2.0986020e-002
  2.0346400e-002
  1.9805570e-002
  1.9224504e-002
  1.9392969e-002
  1.8824702e-002
  1.8239734e-002
  2.1603883e-002
  2.0920336e-002
  2.0286917e-002
  1.9856565e-002
  1.9234121e-002
  1.8815275e-002
  2.1872338e-002
  2.2033659e-002
  2.1357854e-002
  2.0687877e-002
  2.0442054e-002
  2.0249724e-002
  2.0702645e-002
  2.0202590e-002
  2.0064083e-002
  1.9499832e-002
  1.8947227e-002
  1.8516459e-002
  1.7944683e-002
  1.8302715e-002
  1.7749483e-002
  1.8249361e-002
  1.7879584e-002
  1.7368549e-002
  1.6913200e-002
  1.6398234e-002
  1.6708918e-002
  1.6850692e-002
  1.6458122e-002
  1.6231332e-002
  1.5772598e-002
  1.6347381e-002
  1.7891867e-002
  1.7418502e-002
  1.6885677e-002
  1.6446228e-002
  1.5995485e-002
  1.5604882e-002
  1.5261961e-002
  1.5259279e-002
  1.5801956e-002
  1.5353750e-002
  1.5011375e-002
  1.4845330e-002
  1.4408858e-002
  1.4309091e-002
  1.3930796e-002
  1.3647532e-002
  1.3256550e-002
  1.2952575e-002
  1.2955176e-002
  1.2928999e-002
  1.2583273e-002
  1.2290034e-002
  1.2010258e-002
  1.2811203e-002
  1.2456058e-002
  1.2545353e-002
  1.2209603e-002
  1.2027266e-002
  1.2393292e-002
  1.2296591e-002
  1.1959541e-002
  1.1636063e-002
  1.1649615e-002
  1.1338009e-002
  1.1046337e-002
  1.0940188e-002
  1.0862491e-002
  1.0900170e-002
  1.2313633e-002
  1.2260964e-002
  1.2137151e-002
  1.1933269e-002
  1.1659710e-002
  1.2307168e-002
  1.7847927e-002
  1.9298444e-002
  1.8744262e-002
  1.8200093e-002
  1.7938751e-002
  1.7750604e-002
  1.7665998e-002
  1.7288692e-002
  1.8143309e-002
  1.7587616e-002
  1.7053765e-002
  1.6535618e-002
  1.6077379e-002
  1.9901127e-002
  1.9276868e-002
  1.8701213e-002
  1.9129117e-002
  2.0160678e-002
  2.3724716e-002
  2.5934442e-002
  2.5459818e-002
  3.8005508e-002
  3.6853980e-002
  3.5696390e-002
  3.6158652e-002
  4.2971595e-002
  4.3633984e-002
  4.5893013e-002
  4.5410197e-002
  4.3963692e-002
  4.3067325e-002
  4.3005010e-002
  4.1591097e-002
  4.1982090e-002
  4.1675456e-002
  4.0689159e-002
  3.9365868e-002
  3.8526831e-002
  3.7269964e-002
  3.6257423e-002
  3.7514269e-002
  3.7109056e-002
  3.5881953e-002
  3.4739723e-002
  3.3633927e-002
  3.2558924e-002
  3.1542507e-002
  3.1501160e-002
  3.0748584e-002
  2.9972927e-002
  3.0415467e-002
  2.9602894e-002
  2.9115864e-002
  2.9381411e-002
  2.8495629e-002
  2.8610656e-002
  2.7705225e-002
  2.8376117e-002
  2.7951907e-002
  3.1346282e-002
  3.0375686e-002
  2.9381236e-002
  2.8835649e-002
  2.9552379e-002
  2.8598529e-002
  2.8000120e-002
  2.7098902e-002
  2.6536679e-002
  2.6064951e-002
  2.5271817e-002
  2.4517769e-002
  2.3995068e-002
  2.3224589e-002
  2.3568658e-002
  2.3301553e-002
  2.2732542e-002
  2.2637309e-002
  2.2230566e-002
  2.1729889e-002
  2.6571215e-002
  2.5753954e-002
  2.6056999e-002
  2.5240209e-002
  2.4446917e-002
  2.3661359e-002
  2.3590763e-002
  2.2954202e-002
  2.4999838e-002
  2.4385347e-002
  2.3643619e-002
  2.2892391e-002
  2.3733621e-002
  2.2972408e-002
  2.2238233e-002
  2.1530221e-002
  2.0873849e-002
  2.0482551e-002
  1.9837501e-002
  1.9215748e-002
  1.9279451e-002
  1.9377236e-002
  1.9124023e-002
  1.9771035e-002
  1.9233665e-002
  1.8640935e-002
  1.8169094e-002
  1.8857158e-002
  1.8948879e-002
  1.8719818e-002
  1.8943845e-002
  1.9372770e-002
  1.8811931e-002
  1.8436394e-002
  1.7885150e-002
  1.7543015e-002
  1.7011934e-002
  1.6668344e-002
  1.9770523e-002
  1.9645142e-002
  1.9094031e-002
  2.0747516e-002
  2.0273888e-002
  1.9992313e-002
  1.9394029e-002
  2.0438886e-002
  1.9900566e-002
  1.9920308e-002
  1.9300996e-002
  1.8765708e-002
  1.8981048e-002
  1.8603703e-002
  1.8697088e-002
  1.8238275e-002
  1.7815428e-002
  1.7293689e-002
  1.7014188e-002
  1.7922599e-002
  1.9011019e-002
  1.8426032e-002
  1.7879534e-002
  1.7777374e-002
  1.9816620e-002
  1.9223578e-002
  1.8749089e-002
  1.8579505e-002
  1.8008598e-002
  1.7512718e-002
  1.7086191e-002
  1.7031770e-002
  1.6538639e-002
  1.6051468e-002
  1.8496412e-002
  1.7923427e-002
  1.7659248e-002
  1.7394512e-002
  1.8356528e-002
  1.7903017e-002
  1.9347894e-002
  1.8837687e-002
  1.8260115e-002
  1.7924245e-002
  1.7372226e-002
  1.6840535e-002
  1.6400759e-002
  1.5959919e-002
  1.5866065e-002
  1.5428747e-002
  1.4969820e-002
  1.4554815e-002
  1.4698790e-002
  1.5932870e-002
  1.5563637e-002
  1.5099383e-002
  1.6315763e-002
  1.5868634e-002
  1.5420635e-002
  1.5247905e-002
  1.5557118e-002
  1.5123540e-002
  1.4735371e-002
  1.5156180e-002
  1.4900105e-002
  1.4711094e-002
  1.4684779e-002
  1.4253857e-002
  1.4798576e-002
  1.4926347e-002
  1.4575076e-002
  1.4238020e-002
  1.5307097e-002
  1.4900339e-002
  1.5804101e-002
  1.5364933e-002
  1.5075920e-002
  1.5072568e-002
  1.5156041e-002
  1.5089475e-002
  1.4773616e-002
  1.4387683e-002
  1.4035501e-002
  1.4483510e-002
  1.4065438e-002
  1.3659051e-002
  1.3335743e-002
  1.3230066e-002
  1.3812986e-002
  1.4404530e-002
  1.5672697e-002
  1.5415289e-002
  1.5031208e-002
  1.4722721e-002
  1.4698970e-002
  1.4267506e-002
  1.4922095e-002
  1.5112207e-002
  2.0766566e-002
  2.4045981e-002
  2.7605019e-002
  2.6741559e-002
  2.6214456e-002
  2.6991110e-002
  2.8553049e-002
  2.7673786e-002
  2.9877331e-002
  2.9059788e-002
  2.8166678e-002
  2.7309652e-002
  2.6422654e-002
  2.6411223e-002
  2.5852040e-002
  2.5567258e-002
  2.7604715e-002
  2.6715540e-002
  2.5907386e-002
  2.7634345e-002
  2.6819225e-002
  2.5949489e-002
  2.8721210e-002
  2.7829841e-002
  2.7337755e-002
  2.6634864e-002
  2.7389355e-002
  3.2057122e-002
  3.1088092e-002
  3.0672698e-002
  2.9787447e-002
  2.9147296e-002
  3.5083124e-002
  3.3927296e-002
  3.4323408e-002
  3.3352779e-002
  3.2326896e-002
  3.2903808e-002
  3.5701268e-002
  3.4558017e-002
  3.4009221e-002
  3.2976247e-002
  3.1891915e-002
  3.1589569e-002
  3.0557785e-002
  3.0028722e-002
  2.9408120e-002
  2.9093108e-002
  2.9015006e-002
  2.8149332e-002
  2.7258103e-002
  2.6818112e-002
  2.5985796e-002
  2.5968936e-002
  2.6053574e-002
  2.5464804e-002
  2.4840876e-002
  2.5451972e-002
  2.6316321e-002
  2.5990297e-002
  2.5150555e-002
  2.5314605e-002
  2.4521241e-002
  2.4026786e-002
  2.3557298e-002
  2.5998696e-002
  2.5666179e-002
  2.5078577e-002
  2.4294173e-002
  2.5749122e-002
  2.7276029e-002
  2.8785186e-002
  2.7984331e-002
  3.0785508e-002
  2.9835920e-002
  3.3352622e-002
  3.2260658e-002
  3.3904849e-002
  3.3698924e-002
  3.3848425e-002
  3.4606561e-002
  3.4086125e-002
  3.3008675e-002
  3.3477480e-002
  3.3595204e-002
  3.3098004e-002
  3.7775578e-002
  3.6661068e-002
  3.8152979e-002
  3.6943810e-002
  3.9016925e-002
  3.7800649e-002
  3.6818172e-002
  3.6059093e-002
  3.5117442e-002
  3.4105417e-002
  3.3144794e-002
  3.2926461e-002
  3.6493504e-002
  3.5309733e-002
  3.5573491e-002
  3.4431726e-002
  3.4216202e-002
  3.3177585e-002
  3.6688759e-002
  3.6328860e-002
  3.6227981e-002
  3.5405106e-002
  3.4684539e-002
  3.3785209e-002
  3.3401968e-002
  3.2465764e-002
  3.1420035e-002
  3.0465574e-002
  2.9752979e-002
  2.9776104e-002
  2.8871138e-002
  2.8897949e-002
  2.7977248e-002
  2.9583205e-002
  2.8817346e-002
  2.7889748e-002
  2.7013618e-002
  2.6991274e-002
  2.7540122e-002
  2.8353904e-002
  2.7477648e-002
  2.8451256e-002
  2.9643640e-002
  2.8773825e-002
  3.0259416e-002
  2.9561127e-002
  2.8697309e-002
  2.7848940e-002
  2.9718296e-002
  2.8747304e-002
  2.7861203e-002
  2.7194817e-002
  2.6311606e-002
  2.5459398e-002
  2.4637182e-002
  2.6618385e-002
  2.7072126e-002
  2.6193216e-002
  2.5345170e-002
  2.7165384e-002
  2.6412372e-002
  2.5920155e-002
  2.5401065e-002
  2.8467243e-002
  2.7550668e-002
  2.7134109e-002
  2.6601380e-002
  2.5868135e-002
  2.6408869e-002
  2.5626803e-002
  2.5622989e-002
  2.5040678e-002
  2.4285399e-002
  2.4285889e-002
  2.5027293e-002
  2.5145936e-002
  2.4357559e-002
  2.3636764e-002
  2.4050834e-002
  2.3968534e-002
  2.3762820e-002
  2.3263872e-002
  2.3988930e-002
  2.4704518e-002
  2.5356181e-002
  2.6044035e-002
  2.5223954e-002
  2.4448149e-002
  2.4513800e-002
  2.4942757e-002
  2.7573941e-002
  2.6835493e-002
  2.6096208e-002
  2.6951748e-002
  2.6811675e-002
  2.8721588e-002
  2.8244292e-002
  2.7342581e-002
  2.9926057e-002
  3.2791669e-002
  3.2657988e-002
  3.1754222e-002
  3.7788532e-002
  3.6631356e-002
  3.6272815e-002
  3.5111798e-002
  3.4806199e-002
  3.5773122e-002
  3.4698047e-002
  3.8513565e-002
  3.7953569e-002
  3.7179403e-002
  3.7315756e-002
  3.8254030e-002
  3.7466869e-002
  3.7104796e-002
  4.1475875e-002
  4.1159679e-002
  3.9864360e-002
  3.8546280e-002
  3.7279256e-002
  3.7146559e-002
  3.6351333e-002
  3.8136793e-002
  3.6914292e-002
  3.5975455e-002
  3.9120687e-002
  3.9684092e-002
  3.8491083e-002
  3.7222460e-002
  3.6029027e-002
  3.5560588e-002
  3.4518945e-002
  3.3648391e-002
  3.3023375e-002
  3.1937140e-002
  3.0888570e-002
  2.9880202e-002
  2.9000986e-002
  3.0110011e-002
  2.9310390e-002
  2.9915000e-002
  2.9322513e-002
  2.8425374e-002
  2.7499088e-002
  2.6869441e-002
  2.6049540e-002
  2.5360054e-002
  2.5698532e-002
  2.5011124e-002
  2.6637070e-002
  2.5862496e-002
  2.5198326e-002
  2.4395306e-002
  2.3632939e-002
  2.3306163e-002
  2.6919392e-002
  2.7072210e-002
  2.6243500e-002
  2.6077569e-002
  2.5379349e-002
  2.4581330e-002
  2.3796445e-002
  2.3300300e-002
  2.2941044e-002
  2.5669744e-002
  2.4840119e-002
  2.4047386e-002
  2.3455037e-002
  2.2704807e-002
  2.4787045e-002
  2.4525107e-002
  2.3918426e-002
  2.3543978e-002
  2.2789744e-002
  2.2068596e-002
  2.2418021e-002
  2.2003448e-002
  2.1679923e-002
  2.3771346e-002
  2.3199102e-002
  2.2829916e-002
  2.2531496e-002
  2.1833742e-002
  2.3113078e-002
  2.2403434e-002
  2.1701720e-002
  2.2317695e-002
  2.3256885e-002
  2.2696674e-002
  2.2526759e-002
  2.1968614e-002
  2.1355409e-002
  2.2417520e-002
  2.1918342e-002
  2.1618283e-002
  2.1044250e-002
  2.0449783e-002
  1.9879630e-002
  1.9721265e-002
  1.9144187e-002
  1.9417838e-002
  1.8973917e-002
  1.8406672e-002
  1.8238670e-002
  1.7830420e-002
  1.7606211e-002
  1.7306679e-002
  1.6804515e-002
  1.7575204e-002
  1.7059758e-002
  1.7004610e-002
  1.6489360e-002
  1.6087191e-002
  1.6067151e-002
  1.5682642e-002
  1.5214579e-002
  1.5048727e-002
  1.5696027e-002
  1.5525268e-002
  1.5108606e-002
  1.5257210e-002
  1.5859875e-002
  1.5385075e-002
  1.7509771e-002
  1.7073506e-002
  1.6642550e-002
  1.7203111e-002
  1.6750825e-002
  1.6250136e-002
  1.5763160e-002
  1.5577364e-002
  1.5934040e-002
  1.7430603e-002
  1.6896757e-002
  1.7855122e-002
  1.7428279e-002
  1.7413440e-002
  1.8107426e-002
  1.8219678e-002
  1.9001129e-002
  1.8439190e-002
  1.7960567e-002
  1.7507804e-002
  1.7253845e-002
  1.6739435e-002
  2.0132788e-002
  2.0205542e-002
  2.3150397e-002
  2.2414113e-002
  2.2060592e-002
  2.1364836e-002
  2.1567724e-002
  2.3111586e-002
  2.3124211e-002
  2.4967379e-002
  2.4223996e-002
  2.3699793e-002
  2.2944847e-002
  2.3247942e-002
  2.2739222e-002
  2.2063592e-002
  2.1363890e-002
  2.0810989e-002
  2.0242610e-002
  2.0223179e-002
  1.9826965e-002
  1.9729506e-002
  1.9117168e-002
  1.8583173e-002
  1.8341472e-002
  1.7830178e-002
  1.7725378e-002
  1.7525132e-002
  1.7088050e-002
  1.7126022e-002
  1.9115173e-002
  1.8576167e-002
  1.8776538e-002
  1.9336055e-002
  2.0703081e-002
  2.0169547e-002
  1.9540635e-002
  1.9064325e-002
  1.8495907e-002
  1.7945851e-002
  1.9354366e-002
  1.8861315e-002
  1.8278956e-002
  1.7809771e-002
  1.7272273e-002
  1.7951972e-002
  1.7845113e-002
  1.8056783e-002
  1.8008971e-002
  1.8232094e-002
  1.7864543e-002
  1.8520792e-002
  1.8135559e-002
  1.7590683e-002
  1.7225543e-002
  1.6935651e-002
  1.6532832e-002
  1.6080127e-002
  1.7258699e-002
  1.6735251e-002
  1.6226890e-002
  1.5764100e-002
  1.5636169e-002
  1.5562607e-002
  1.5109401e-002
  1.4694970e-002
  1.4266529e-002
  1.3851627e-002
  1.3452729e-002
  1.3069333e-002
  1.2701040e-002
  1.2450681e-002
  1.2106794e-002
  1.1776681e-002
  1.2028472e-002
  1.1761112e-002
  1.5425320e-002
  1.5399980e-002
  1.4998878e-002
  1.4751491e-002
  1.4321130e-002
  1.4675380e-002
  1.4828148e-002
  1.4394689e-002
  1.4358339e-002
  1.4118309e-002
  1.4009773e-002
  1.3609663e-002
  1.3570450e-002
  1.3269763e-002
  1.2893178e-002
  1.2634651e-002
  1.2369495e-002
  1.2195076e-002
  1.2142050e-002
  1.2144284e-002
  1.3409666e-002
  1.3735142e-002
  1.3985570e-002
  1.3750040e-002
  1.3458346e-002
  1.3097191e-002
  1.3139176e-002
  1.2779206e-002
  1.2639748e-002
  1.2303713e-002
  1.2075185e-002
  1.1747198e-002
  1.1751268e-002
  1.2312915e-002
  1.2001035e-002
  1.2206933e-002
  1.1883326e-002
  1.2346654e-002
  1.2395909e-002
  1.2084200e-002
  1.4445474e-002
  1.4028526e-002
  1.3639468e-002
  1.3319282e-002
  1.3285699e-002
  1.3108384e-002
  1.4191171e-002
  1.6389106e-002
  1.6319021e-002
  1.6954526e-002
  1.6445847e-002
  1.7497277e-002
  1.7071065e-002
  1.6618537e-002
  1.7490450e-002
  1.7355265e-002
  1.6834572e-002
  1.6451422e-002
  1.6002332e-002
  1.6015088e-002
  1.5541857e-002
  1.5355617e-002
  1.6094323e-002
  1.6650301e-002
  1.6328040e-002
  1.6102326e-002
  1.6573522e-002
  1.6723034e-002
  1.6215392e-002
  1.5726673e-002
  1.6089144e-002
  1.6241260e-002
  1.5973630e-002
  1.5495890e-002
  1.5061289e-002
  1.4899695e-002
  1.4540620e-002
  1.5239558e-002
  1.5507384e-002
  1.5898783e-002
  1.5554374e-002
  1.5318542e-002
  1.5543680e-002
  1.5083004e-002
  1.4993473e-002
  1.4594968e-002
  1.4169362e-002
  1.6604738e-002
  1.6176143e-002
  1.7236938e-002
  1.6815743e-002
  1.6325412e-002
  1.6010443e-002
  1.5847890e-002
  1.5834342e-002
  1.5696428e-002
  1.6395138e-002
  1.6696801e-002
  1.6245581e-002
  1.5774939e-002
  1.5534642e-002
  1.5889902e-002
  1.5465970e-002
  1.5176078e-002
  1.4788342e-002
  1.4510621e-002
  1.4089568e-002
  1.3796757e-002
  1.3511408e-002
  1.3751234e-002
  1.3363665e-002
  1.3075702e-002
  1.2808456e-002
  1.2458186e-002
  1.2936595e-002
  1.2637342e-002
  1.2358191e-002
  1.2017632e-002
  1.1702548e-002
  1.1428578e-002
  1.1538778e-002
  1.1434566e-002
  1.1868903e-002
  1.1699186e-002
  1.2789840e-002
  1.2443376e-002
  1.2100744e-002
  1.2012597e-002
  1.1948547e-002
  1.1627238e-002
  1.1869980e-002
  1.1753944e-002
  1.1615394e-002
  1.1306006e-002
  1.1428780e-002
  1.1492076e-002
  1.1390795e-002
  1.1109311e-002
  1.0820770e-002
  1.0697368e-002
  1.0435532e-002
  1.0390372e-002
  1.0373728e-002
  1.0290994e-002
  1.0420561e-002
  1.0526281e-002
  1.2676939e-002
  1.2617692e-002
  1.2361809e-002
  1.2042243e-002
  1.1790637e-002
  1.5247801e-002
  1.5372520e-002
  1.7180649e-002
  1.6809473e-002
  1.6527701e-002
  1.6294111e-002
  1.5833819e-002
  1.5552807e-002
  1.5684496e-002
  1.5258564e-002
  1.4805833e-002
  1.4428879e-002
  1.4099865e-002
  1.4433661e-002
  1.4141424e-002
  1.3733699e-002
  1.3482742e-002
  1.3106924e-002
  1.2871505e-002
  1.2915444e-002
  1.2813598e-002
  1.2538713e-002
  1.2215932e-002
  1.1942953e-002
  1.1623974e-002
  1.1350069e-002
  1.1618701e-002
  1.1318480e-002
  1.2208842e-002
  1.1883722e-002
  1.2539830e-002
  1.2668904e-002
  1.2316042e-002
  1.2015473e-002
  1.1949392e-002
  1.2286451e-002
  1.2928673e-002
  1.2635379e-002
  1.2387105e-002
  1.2184003e-002
  1.2119452e-002
  1.2694635e-002
  1.4104010e-002
  1.4427417e-002
  1.4046571e-002
  1.3685300e-002
  1.3329578e-002
  1.3524590e-002
  1.3152333e-002
  1.3842120e-002
  1.3532884e-002
  1.3157362e-002
  1.2832376e-002
  1.2565115e-002
  1.2457949e-002
  1.2578161e-002
  1.2231321e-002
  1.1994080e-002
  1.3899747e-002
  1.3735854e-002
  1.3983587e-002
  1.3905856e-002
  1.4136340e-002
  1.4379306e-002
  1.3966256e-002
  1.4859630e-002
  1.5202386e-002
  1.4759507e-002
  1.4416167e-002
  1.3997457e-002
  1.3696214e-002
  1.3755540e-002
  1.3660020e-002
  1.3313515e-002
  1.3118897e-002
  1.2796421e-002
  1.2438439e-002
  1.2097301e-002
  1.1827460e-002
  1.1959386e-002
  1.1636148e-002
  1.1346049e-002
  1.1061272e-002
  1.0949796e-002
  1.0985550e-002
  1.0773675e-002
  1.1070367e-002
  1.1073844e-002
  1.0870794e-002
  1.0608626e-002
  1.1906636e-002
  1.1734909e-002
  1.1420223e-002
  1.1138144e-002
  1.1069952e-002
  1.0904663e-002
  1.0644544e-002
  1.0998820e-002
  1.0845674e-002
  1.0599265e-002
  1.1116469e-002
  1.0849186e-002
  1.0570596e-002
  1.0327369e-002
  1.0109650e-002
  9.9059227e-003
  9.6674645e-003
  9.4394040e-003
  1.0072592e-002
  1.0966538e-002
  1.0711207e-002
  1.0500370e-002
  1.0275384e-002
  1.0054728e-002
  1.0227638e-002
  1.0194350e-002
  1.0484751e-002
  1.0647513e-002
  1.0457381e-002
  1.0536382e-002
  1.0635876e-002
  1.0493729e-002
  1.0444722e-002
  1.0184934e-002
  1.0213611e-002
  1.1174156e-002
  1.0894478e-002
  1.0858878e-002
  1.0619874e-002
  1.1314936e-002
  1.1106596e-002
  1.0838004e-002
  1.0628863e-002
  1.0712933e-002
  1.0447307e-002
  1.0338963e-002
  1.0171968e-002
  9.9224312e-003
  9.8308808e-003
  9.6036740e-003
  9.6820461e-003
  9.4599605e-003
  9.2745051e-003
  9.0783231e-003
  9.4373036e-003
  9.2414239e-003
  9.0607580e-003
  8.9677832e-003
  8.7704222e-003
  8.6394050e-003
  9.2248179e-003
  9.1958805e-003
  9.0537356e-003
  8.8529943e-003
  8.7898826e-003
  8.7659993e-003
  1.1343107e-002
  1.1963463e-002
  1.1692216e-002
  1.1391055e-002
  1.1356670e-002
  1.1130583e-002
  1.1208880e-002
  1.1255027e-002
  1.1691452e-002
  1.1381978e-002
  1.1090993e-002
  1.0802338e-002
  1.0525707e-002
  1.0334776e-002
  1.0080280e-002
  1.0014266e-002
  9.7741784e-003
  9.6049266e-003
  9.5878701e-003
  9.3981843e-003
  9.1966994e-003
  9.2882595e-003
  9.1157482e-003
  9.1463305e-003
  8.9726438e-003
  8.8799738e-003
  1.0380630e-002
  1.2151062e-002
  1.2032382e-002
  1.1873481e-002
  1.1627380e-002
  1.1426172e-002
  1.1126868e-002
  1.1264132e-002
  1.1139403e-002
  1.1228712e-002
  1.1362286e-002
  1.1251612e-002
  1.1013553e-002
  1.0785947e-002
  1.0560723e-002
  1.0549402e-002
  1.0430496e-002
  1.0347019e-002
  1.0274414e-002
  1.0763921e-002
  1.0743718e-002
  1.0509444e-002
  1.0320449e-002
  1.0464167e-002
  1.0231513e-002
  1.0062113e-002
  9.9100475e-003
  9.6786874e-003
  9.5336087e-003
  9.4203406e-003
  9.2413459e-003
  9.1209083e-003
  8.9258365e-003
  1.0399272e-002
  1.0954276e-002
  1.1146282e-002
  1.0940443e-002
  1.1420362e-002
  1.1174333e-002
  1.0900967e-002
  1.0774577e-002
  1.0729005e-002
  1.0500562e-002
  1.1659067e-002
  1.1505447e-002
  1.1231860e-002
  1.1077289e-002
  1.1542454e-002
  1.1567520e-002
  1.1290608e-002
  1.2187357e-002
  1.1962694e-002
  1.2163564e-002
  1.2047403e-002
  1.1844427e-002
  1.1752143e-002
  1.2570464e-002
  1.2426680e-002
  1.2085554e-002
  1.3678687e-002
  1.4529826e-002
  1.4484012e-002
  1.4502565e-002
  1.4237872e-002
  1.3930200e-002
  1.3528880e-002
  1.3143152e-002
  1.2846461e-002
  1.2512170e-002
  1.2236525e-002
  1.2096150e-002
  1.1951944e-002
  1.2379373e-002
  1.2092325e-002
  1.1889662e-002
  1.1567946e-002
  1.1330422e-002
  1.1762409e-002
  1.5858203e-002
  1.6375474e-002
  1.6119317e-002
  1.6025519e-002
  1.5688853e-002
  1.5376115e-002
  1.5061459e-002
  1.4736100e-002
  1.4534542e-002
  1.4166999e-002
  1.3929582e-002
  1.3650726e-002
  1.3492295e-002
  1.3134652e-002
  1.2845865e-002
  1.2530080e-002
  1.2558669e-002
  1.3159994e-002
  1.2809450e-002
  1.2456672e-002
  1.2506055e-002
  1.2173545e-002
  1.1846295e-002
  1.2214885e-002
  1.1947522e-002
  1.1913149e-002
  1.1717163e-002
  1.1439258e-002
  1.1184653e-002
  1.2300334e-002
  1.1970774e-002
  1.1650063e-002
  1.1584228e-002
  1.1276083e-002
  1.2633258e-002
  1.2638171e-002
  1.2286891e-002
  1.1949215e-002
  1.3407980e-002
  1.3065581e-002
  1.3103076e-002
  1.2736345e-002
  1.2432622e-002
  1.2141652e-002
  1.2636279e-002
  1.2666116e-002
  1.3523830e-002
  1.3146457e-002
  1.2838004e-002
  1.2531012e-002
  1.2193472e-002
  1.1869815e-002
  1.1612808e-002
  1.1368157e-002
  1.1150927e-002
  1.1436481e-002
  1.1733331e-002
  1.1421920e-002
  1.1301364e-002
  1.1252221e-002
  1.1129352e-002
  1.1239087e-002
  1.1009626e-002
  1.0972073e-002
  1.0689465e-002
  1.0438549e-002
  1.1191001e-002
  1.1590678e-002
  1.3018749e-002
  1.3269073e-002
  1.3110350e-002
  1.3048813e-002
  1.4062749e-002
  1.3678331e-002
  1.3305369e-002
  1.2927729e-002
  1.2634626e-002
  1.2477556e-002
  1.2388385e-002
  1.2686562e-002
  1.2382823e-002
  1.2070723e-002
  1.1742956e-002
  1.1431094e-002
  1.1128033e-002
  1.0852960e-002
  1.0613392e-002
  1.0545658e-002
  1.0279883e-002
  1.0049501e-002
  1.0415712e-002
  1.0156250e-002
  9.9850131e-003
  9.7431307e-003
  9.5834160e-003
  9.4503228e-003
  9.6139529e-003
  9.4060512e-003
  9.2115405e-003
  9.0222371e-003
  9.0199617e-003
  8.8398755e-003
  8.6484130e-003
  8.4662176e-003
  8.2920355e-003
  8.2464582e-003
  8.2957902e-003
  8.5170449e-003
  8.6459445e-003
  8.5756754e-003
  8.5340388e-003
  8.4214588e-003
  8.8004143e-003
  8.6447240e-003
  8.5101727e-003
  8.4163348e-003
  8.3832562e-003
  8.2211504e-003
  8.1357686e-003
  8.5159383e-003
  8.8439120e-003
  8.6675730e-003
  8.6411584e-003
  8.4603996e-003
  8.2958181e-003
  9.9504702e-003
  9.7420102e-003
  9.5106871e-003
  9.2942959e-003
  9.2229589e-003
  9.1782889e-003
  9.3359381e-003
  9.3894897e-003
  9.5159595e-003
  9.5038610e-003
  9.4180988e-003
  9.5507115e-003
  9.7175536e-003
  1.1473762e-002
  1.1775069e-002
  1.1864490e-002
  1.1543795e-002
  1.1236136e-002
  1.0941455e-002
  1.0911997e-002
  1.0808189e-002
  1.0541804e-002
  1.0358163e-002
  1.0208603e-002
  1.0151209e-002
  9.9373069e-003
  1.1126925e-002
  1.1099326e-002
  1.0820591e-002
  1.0583917e-002
  1.0334183e-002
  1.2429991e-002
  1.2167605e-002
  1.1864103e-002
  1.3500299e-002
  1.3986849e-002
  1.3582392e-002
  1.3445980e-002
  1.3280936e-002
  1.2903944e-002
  1.7927777e-002
  1.7566609e-002
  1.7289134e-002
  1.7993875e-002
  1.7499414e-002
  1.7022698e-002
  1.6925951e-002
  1.6428223e-002
  1.6285995e-002
  1.5952987e-002
  1.5482206e-002
  1.5303024e-002
  1.6438167e-002
  1.6176916e-002
  1.5694762e-002
  1.5270483e-002
  1.4816992e-002
  1.4381028e-002
  1.3961730e-002
  1.3663437e-002
  1.3406159e-002
  1.3838693e-002
  1.3631390e-002
  1.3570967e-002
  1.3245771e-002
  1.3301102e-002
  1.3582725e-002
  1.4616832e-002
  1.4188506e-002
  1.3875300e-002
  1.5129755e-002
  1.4840263e-002
  1.4431686e-002
  1.4236385e-002
  1.4368038e-002
  1.4033606e-002
  1.4227940e-002
  1.6943684e-002
  1.6491777e-002
  1.6010842e-002
  2.0041811e-002
  2.0153009e-002
  1.9522677e-002
  1.9549571e-002
  1.9151605e-002
  1.8931012e-002
  1.8696997e-002
  2.1006454e-002
  2.0486802e-002
  2.0735190e-002
  2.0089656e-002
  1.9661519e-002
  1.9126719e-002
  1.8712971e-002
  1.9756758e-002
  1.9162022e-002
  1.8649240e-002
  1.8888666e-002
  1.8419103e-002
  1.9311609e-002
  1.8923898e-002
  2.0002223e-002
  1.9395382e-002
  1.8913050e-002
  1.8384555e-002
  1.7977041e-002
  1.7423621e-002
  1.6893631e-002
  1.6441289e-002
  1.6231951e-002
  1.5755444e-002
  1.6237934e-002
  1.6234683e-002
  1.5762542e-002
  1.5327705e-002
  1.5470687e-002
  1.5517817e-002
  1.5239979e-002
  1.4866235e-002
  1.4715923e-002
  1.4627800e-002
  1.4260686e-002
  1.4514106e-002
  1.4160894e-002
  1.3963059e-002
  1.4323780e-002
  1.3909517e-002
  1.4524797e-002
  1.5221390e-002
  1.4894765e-002
  1.4517022e-002
  1.5785973e-002
  1.5603019e-002
  1.5151102e-002
  1.5271202e-002
  1.4842262e-002
  1.4746045e-002
  1.4315333e-002
  1.4816666e-002
  1.4380725e-002
  1.4324506e-002
  1.4105739e-002
  1.3703176e-002
  1.3342656e-002
  1.2963558e-002
  1.2890566e-002
  1.2741143e-002
  1.2428757e-002
  1.2316007e-002
  1.2273532e-002
  1.1948404e-002
  1.1750923e-002
  1.1440046e-002
  1.1152607e-002
  1.0864537e-002
  1.0588509e-002
  1.0321640e-002
