67.541
73.598
74.194
78.167
75.485
78.068
76.081
73.996
68.235
66.745
66.646
68.136
68.632
70.122
70.817
66.844
65.652
67.54
68.334
67.242
68.632
67.54
66.546
65.255
67.043
66.447
66.348
63.765
62.772
61.233
64.56
65.355
64.709
63.467
62.822
61.382
61.779
65.603
62.871
59.792
58.501
56.515
56.316
55.72
56.614
57.309
56.713
55.839
54.33
54.181
55.82
57.111
57.21
56.713
56.266
57.806
57.309
56.713
54.777
58.005
60.09
59.693
61.282
61.282
59.991
59.991
59.991
58.601
61.382
61.382
62.077
61.779
62.971
63.765
66
66.844
69.923
68.384
68.632
70.519
70.023
68.98
71.115
67.142
65.95
66.646
65.057
65.752
64.61
64.709
64.709
63.368
63.666
65.504
65.504
63.269
61.729
61.829
62.574
61.481
61.68
61.68
61.034
61.084
59.494
58.998
59.743
60.686
59.792
59.792
61.58
61.978
61.382
62.276
61.481
61.68
62.524
65.206
66.02
66.447
65.752
66.447
65.007
62.772
62.077
62.077
61.978
62.474
61.68
62.574
61.262
61.233
63.02
62.077
61.382
61.779
62.276
61.68
61.878
61.68
61.183
60.14
58.899
58.104
56.614
57.111
56.018
56.515
56.763
55.025
55.422
55.412
55.224
55.323
52.741
52.741
53.734
52.443
53.535
53.237
54.826
54.528
55.273
54.638
54.379
54.181
55.124
54.628
54.926
56.515
58.303
57.955
56.713
56.018
54.628
56.515
57.26
58.005
57.607
57.905
58.203
58.352
56.366
55.224
54.826
54.131
54.677
54.032
53.336
52.343
52.492
53.336
52.443
52.045
52.045
52.244
52.939
52.939
52.145
52.244
51.797
51.896
50.953
50.754
50.108
50.953
51.449
53.038
52.045
51.35
52.741
52.145
53.038
52.661
54.23
55.82
56.018
53.247
52.393
51.151
51.002
51.598
51.35
50.853
49.662
49.662
49.81
51.499
51.648
51.4
50.188
49.662
48.619
48.172
47.973
48.221
45.987
46.285
46.285
47.029
48.867
49.364
49.066
48.917
48.271
47.675
48.172
47.675
50.357
54.826
53.485
53.436
54.429
55.025
54.727
54.727
55.323
55.273
55.124
55.571
55.571
53.932
51.648
51.449
51.747
52.939
53.237
54.032
53.436
52.343
52.443
52.89
52.045
50.208
49.264
49.364
48.668
48.072
47.178
48.768
49.264
47.675
46.98
47.029
47.178
46.185
46.036
45.987
45.689
45.589
46.185
45.689
45.589
45.589
45.589
45.291
45.093
44.795
41.865
39.878
41.318
42.014
41.418
40.126
41.418
41.716
41.12
39.928
41.12
40.623
40.077
41.517
42.61
42.908
44.149
43.553
43.305
43.503
43.702
43.901
44.397
45.291
44.993
45.689
45.142
45.391
44.199
43.702
42.61
42.709
42.808
42.61
41.765
41.616
41.418
42.014
40.921
40.971
40.375
41.716
41.716
41.716
42.113
41.994
41.318
41.07
41.07
42.163
43.404
45.391
46.136
46.384
48.37
46.682
46.682
45.838
46.434
47.178
45.788
44.199
44
44.199
44.248
43.702
43.205
43.305
43.106
43.305
43.205
43.851
42.759
42.908
42.411
42.709
42.312
42.014
41.914
42.61
42.212
41.914
41.418
40.226
40.027
39.729
39.233
39.133
39.233
39.382
39.531
39.332
39.63
39.63
40.027
40.722
40.424
40.623
40.722
40.275
40.126
39.977
39.63
40.722
42.411
44
45.192
44.695
45.639
44.397
45.291
44.745
46.632
46.632
45.987
45.291
46.582
47.079
47.178
48.768
50.506
49.91
49.662
49.463
49.711
50.059
48.917
48.271
49.066
49.761
51.35
50.158
50.953
50.804
48.569
48.072
48.668
50.158
49.662
49.364
49.761
49.463
49.413
48.966
48.072
46.483
46.582
48.668
49.562
49.662
49.711
49.066
49.959
49.86
50.158
49.562
49.91
51.648
53.833
53.833
54.926
55.621
55.621
54.826
54.429
54.628
53.138
55.224
55.522
54.926
54.032
54.628
53.138
53.336
53.237
53.634
53.138
54.628
55.919
58.501
59.792
58.899
59.693
60.19
60.14
58.104
57.607
57.409
56.415
58.005
57.707
57.806
58.601
57.111
56.713
54.926
56.018
54.926
56.912
60.289
58.998
56.614
56.118
54.926
56.614
58.005
56.118
57.409
56.713
56.118
54.032
52.244
51.797
51.151
53.386
51.549
52.244
52.89
52.89
52.89
53.634
55.422
56.018
56.018
54.032
53.038
55.72
57.607
56.217
54.727
54.528
53.336
54.429
55.621
55.025
57.011
56.912
57.309
58.501
58.303
57.905
57.111
56.614
55.522
54.429
54.33
55.621
54.628
54.628
55.621
56.366
57.458
56.912
56.912
56.912
57.309
57.607
56.912
56.713
58.452
59.395
59.346
57.806
58.799
58.303
59.097
58.899
58.402
59.097
59.792
61.084
61.68
61.978
60.885
58.799
55.124
54.926
54.33
54.032
55.025
55.124
50.158
49.662
52.343
52.939
52.641
53.038
51.648
50.456
47.774
48.668
49.959
48.966
50.257
51.151
51.251
51.747
51.747
51.747
50.357
52.641
53.634
54.032
53.833
55.025
54.628
55.422
55.224
55.72
55.72
55.82
55.323
54.926
54.528
54.032
54.926
56.118
57.011
57.607
57.856
58.501
58.799
58.601
59.296
59.594
59.792
59.594
59.445
59.693
58.601
57.806
57.508
57.707
57.607
59.296
59.097
59.296
57.677
56.713
55.72
56.217
54.826
53.932
54.727
55.621
54.826
54.23
53.634
54.628
53.436
53.138
53.634
54.826
55.919
55.124
55.224
54.33
53.038
52.641
52.89
52.343
52.741
52.939
52.741
52.244
51.201
51.151
50.754
51.251
51.251
50.853
51.549
52.294
51.499
52.443
53.386
53.237
51.747
51.847
52.939
53.038
52.343
51.648
52.045
52.244
51.747
51.052
48.867
48.072
48.37
48.271
48.966
50.555
49.86
48.966
48.172
47.675
48.271
47.178
49.413
50.059
49.165
49.711
48.172
44.695
42.808
42.709
39.779
39.928
37.743
35.756
32.777
35.856
37.941
37.544
36.749
36.352
38.041
37.544
37.345
38.438
40.027
39.133
38.637
38.239
40.325
40.126
39.729
40.424
40.722
40.822
40.722
39.531
41.219
42.014
43.106
41.914
43.702
41.964
41.616
42.014
42.312
42.411
44.497
44.497
44.844
46.235
46.801
45.589
48.37
48.37
48.47
49.463
49.662
49.86
50.158
50.655
52.145
52.89
51.151
49.652
48.668
48.569
48.271
48.867
51.648
52.741
51.151
50.456
50.357
49.662
48.172
48.37
50.049
50.059
49.165
48.668
49.463
49.463
49.463
49.463
50.953
51.946
51.946
51.946
51.002
52.343
52.244
51.797
52.045
52.641
50.754
51.151
49.662
49.662
48.668
49.364
49.562
49.413
50.158
51.847
51.449
51.052
52.592
53.883
53.764
55.124
54.926
53.634
53.138
52.145
51.251
51.449
51.648
50.655
51.648
51.847
51.251
51.151
50.357
49.463
51.052
50.158
51.648
52.79
53.634
54.528
56.465
58.65
57.905
57.558
57.409
57.707
57.111
56.118
56.862
57.111
58.203
58.104
59.395
59.395
60.587
61.382
59.991
59.842
59.494
59.594
59.594
59.594
59.197
57.508
57.111
57.309
57.111
56.713
57.309
57.011
57.806
58.899
60.09
58.203
57.309
58.104
57.508
57.111
56.018
53.237
53.237
52.939
54.131
54.131
52.641
53.634
53.932
53.436
55.621
55.025
54.628
55.72
56.266
55.621
56.118
56.515
56.118
56.415
58.104
58.402
58.799
58.849
57.955
57.508
55.82
57.011
55.323
54.131
54.628
54.926
54.628
54.23
54.429
54.032
53.237
50.953
52.443
52.443
51.449
49.264
46.93
45.192
47.278
47.675
47.079
48.867
47.973
45.49
44.745
45.142
46.731
45.589
44.596
43.702
42.61
42.212
40.673
40.722
42.212
43.702
42.709
39.928
39.431
40.822
40.226
40.226
43.305
46.384
46.483
45.093
44.695
42.709
45.093
45.689
46.185
47.377
46.781
47.576
46.483
47.675
47.675
49.066
48.172
49.463
48.668
47.675
47.675
48.023
46.185
46.185
46.384
44.993
42.51
42.411
42.709
43.603
43.503
44.795
46.086
44.695
43.702
43.404
42.709
40.921
40.126
40.325
38.984
35.756
36.253
38.935
39.233
36.551
37.246
39.034
36.749
35.26
35.806
34.515
31.982
33.968
36.898
37.147
38.736
38.438
40.325
40.722
42.212
40.325
36.948
36.253
37.097
38.239
35.955
36.253
37.892
38.041
39.729
39.729
38.239
36.104
35.856
36.253
37.345
36.948
37.594
37.246
38.14
38.716
38.041
38.885
39.233
39.034
38.736
39.729
40.176
40.623
40.722
40.027
40.722
39.928
39.034
38.19
38.786
38.736
38.14
37.345
38.239
38.239
35.657
35.091
35.558
34.515
34.515
34.515
34.515
34.266
34.266
34.266
34.266
37.147
37.743
37.842
36.998
35.16
35.309
35.856
36.452
36.849
35.955
37.147
36.799
36.998
36.849
35.409
34.763
34.266
34.068
34.316
36.501
36.501
37.941
38.388
36.253
37.246
36.253
35.458
36.104
37.047
35.409
34.167
35.26
35.508
36.005
35.359
35.756
37.147
36.799
35.826
34.962
36.054
36.898
36.65
35.756
35.458
33.968
33.273
32.379
29.797
28.456
29.3
29.698
31.287
31.684
31.783
31.783
32.777
31.783
32.28
32.181
31.287
30.79
29.052
29.102
30.194
30.393
31.535
33.273
32.28
32.23
31.187
31.485
32.677
33.075
32.379
33.025
33.025
33.025
33.571
34.713
33.621
31.287
31.932
31.038
31.187
31.187
30.582
30.989
32.032
31.783
31.038
31.883
31.485
30.939
30.889
30.492
30.591
29.002
29.3
29.598
30.393
29.946
29.598
29.3
29.201
29.449
30.194
31.436
31.138
32.032
31.237
31.883
31.535
31.982
33.174
33.77
33.373
34.515
35.458
36.154
35.657
35.707
34.862
35.21
34.366
35.061
35.905
36.352
35.558
36.65
37.296
37.196
37.743
37.345
36.749
35.647
36.948
37.395
36.948
37.147
36.154
36.253
35.26
35.359
35.011
36.005
36.551
36.898
36.749
37.296
37.842
37.693
37.544
37.842
37.494
37.097
37.196
37.246
38.041
39.133
40.424
41.716
41.924
42.312
42.51
44.497
44.447
43.553
43.156
43.801
44.298
44.397
45.639
45.391
45.589
45.987
45.192
45.093
43.454
42.659
43.603
42.56
42.917
43.404
43.851
44.298
43.702
41.418
40.424
39.034
39.63
39.233
38.935
38.09
39.233
38.14
40.077
40.176
39.531
39.68
41.368
41.169
42.063
42.56
43.205
43.503
43.007
43.652
43.305
42.908
42.312
41.914
42.51
43.503
42.908
42.808
43.106
44.248
44.099
44.149
44.497
44.596
44.209
44.149
44.993
44.844
44.695
43.265
42.908
42.312
41.726
41.368
42.312
42.858
42.133
42.014
41.169
41.666
41.567
42.828
43.255
42.51
42.262
42.232
42.063
42.908
43.503
43.106
43.603
43.454
44.149
44.119
43.305
43.106
43.106
43.106
43.106
43.801
44.05
44.05
44.05
44.298
43.931
42.113
41.616
41.616
41.02
40.871
40.633
42.113
41.964
42.908
41.964
41.418
41.15
41.368
40.921
40.802
40.772
41.07
40.176
40.226
40.325
38.815
38.885
38.736
39.084
38.835
38.289
38.736
39.034
39.431
38.706
39.084
39.064
39.332
38.637
38.637
37.842
37.445
37.693
37.842
38.19
39.382
39.084
39.183
38.736
39.133
37.892
37.544
36.501
36.352
35.657
35.26
36.501
35.657
35.458
34.187
34.415
34.266
35.061
34.564
35.746
35.657
35.359
35.756
36.203
36.402
35.697
35.856
36.352
36.352
36.352
36.998
36.749
36.849
37.465
37.643
37.892
38.17
38.964
38.438
38.041
37.643
37.147
36.471
36.471
37.097
36.799
36.898
35.856
35.756
34.862
35.16
34.713
35.409
35.16
34.664
34.763
35.568
34.664
34.644
34.912
34.813
35.359
35.409
35.538
35.558
35.061
35.21
35.438
35.657
35.905
35.558
35.17
35.409
35.111
34.266
34.962
34.763
34.316
33.859
33.968
33.869
33.462
33.929
33.988
34.584
34.366
34.465
33.968
33.571
33.472
33.472
33.422
33.273
32.975
32.578
32.836
32.479
31.952
31.783
31.962
32.26
32.677
32.359
32.757
32.429
32.926
33.124
33.67
33.472
33.819
33.869
33.323
32.975
32.28
31.585
31.734
30.939
30.691
30.542
30.939
31.088
31.038
30.74
30.661
31.485
31.982
32.28
32.23
32.052
31.634
31.485
31.386
31.585
31.783
32.032
32.23
31.783
32.012
32.429
33.323
33.224
32.359
32.528
32.181
32.081
32.23
31.605
31.287
31.366
30.84
30.989
31.187
30.721
31.187
31.843
31.783
34.068
33.968
33.77
33.422
33.075
33.72
33.968
34.465
34.515
35.061
35.011
34.475
33.67
33.472
33.869
34.167
34.614
34.664
35.111
35.885
34.813
34.515
34.912
34.882
35.011
35.26
35.548
35.458
35.24
34.594
34.763
34.763
34.415
34.316
33.819
33.77
33.968
34.018
33.968
33.621
33.919
34.078
34.127
33.72
33.67
34.177
33.899
33.422
33.77
33.472
33.631
33.71
33.323
33.005
33.273
33.829
33.571
33.571
33.422
33.224
33.015
33.124
33.124
33.909
34.515
34.703
35.726
35.697
35.955
35.587
35.28
35.16
35.14
35.011
35.677
35.657
35.657
35.438
35.289
35.756
35.856
35.508
35.607
36.601
37.097
36.65
36.154
36.253
37.028
36.859
36.779
36.73
37.047
38.14
37.961
37.574
37.683
37.624
37.683
37.196
36.789
36.571
36.829
36.998
37.475
37.475
37.097
37.097
37.057
36.144
36.054
36.104
35.955
35.776
35.786
35.2
34.902
35.111
35.309
35.657
36.183
36.452
36.452
36.452
36.084
36.382
36.471
36.203
35.856
35.756
35.756
35.429
35.607
35.19
35.041
34.902
34.922
33.959
33.174
32.896
32.876
33.363
32.201
32.667
32.26
32.032
31.615
32.032
32.33
32.141
32.757
32.816
33.382
33.323
32.876
32.975
33.521
33.968
33.889
33.939
34.594
35.16
35.558
35.379
35.061
34.842
35.359
35.14
35.379
35.558
36.303
36.382
35.955
35.995
36.402
36.342
36.094
36.382
36.69
36.829
36.62
37.147
37.097
36.928
37.445
38.08
37.922
37.693
37.316
37.773
38.011
37.494
38.09
38.259
38.299
38.438
37.792
38.597
39.779
40.524
39.362
39.928
40.295
40.236
40.573
41.318
42.143
41.944
42.679
42.908
42.659
43.503
44.407
43.732
43.792
44.03
43.702
43.702
44.02
44.358
44.556
44.07
44.099
44.099
43.454
43.156
42.947
43.702
44.447
44.099
43.553
43.057
42.659
42.709
42.063
42.361
42.51
42.113
43.315
43.702
44.636
44.596
44.844
44.904
43.851
44.298
44.119
45.609
45.54
46.781
47.625
49.81
51.201
51.002
51.082
51.151
50.247
50.953
51.052
53.525
51.459
49.274
49.433
48.41
48.499
47.566
47.039
47.109
46.821
46.98
46.344
45.639
45.44
46.026
45.381
46.136
44.904
44.417
45.232
45.013
45.132
45.281
45.083
46.165
46.652
45.838
44.775
45.331
44.884
44.477
44
44.01
43.911
44.328
44.139
43.931
43.603
43.543
43.643
44.05
44.089
45.341
46.155
46.145
46.265
46.245
46.195
46.384
46.006
46.056
45.689
45.47
44.656
44.944
44.626
44.248
43.99
44.02
44.02
44.596
44.616
44.765
44.387
44.805
45.818
45.44
44.924
45.043
45.49
45.967
47.149
47.466
47.268
46.821
46.294
45.778
46.384
45.391
45.122
45.778
46.424
48.629
48.738
48.986
48.46
49.622
49.036
48.817
49.224
49.423
49.443
50.406
54.399
57.23
57.607
56.664
57.21
58.899
58.551
57.667
58.481
58.571
58.571
59.147
58.303
57.21
55.055
55.273
56.366
56.276
54.588
55.025
55.522
55.661
57.19
57.856
57.528
57.806
58.541
58.203
60.666
60.617
61.55
61.034
60.587
60.925
61.481
61.471
63.527
64.957
64.093
63.398
62.574
63.229
61.401
62.256
61.928
61.928
61.928
61.183
61.739
63.13
63.527
63.13
64.252
64.62
64.411
61.054
61.054
60.796
59.346
58.601
58.203
58.303
60.587
60.835
59.832
57.836
56.088
55.591
54.528
53.634
53.734
52.89
54.906
54.171
55.422
55.323
55.72
54.419
54.777
54.628
54.33
52.989
51.698
51.479
51.072
51.966
51.201
51.3
50.387
52.969
52.542
53.168
53.257
52.413
52.522
53.475
52.929
51.866
52.164
53.068
54.429
54.836
54.836
53.634
53.942
53.932
53.664
52.989
53.038
52.939
52.433
51.966
51.28
53.038
52.88
51.847
53.853
54.479
54.26
58.303
58.293
58.382
57.697
58.531
58.551
58.203
57.995
58.899
60.537
60.994
60.865
61.6
61.491
61.978
63.07
63.428
62.901
61.739
61.709
62.266
61.968
61.69
62.077
62.464
61.928
62.762